ElimB	EunlBeff	EunlB
0.56839	0.59961	0.65593
0.56839	0.59961	0.65593
0.70401	0.73389	0.78694
0.74236	0.77107	0.81966
0.80930	0.83481	0.87454
0.87053	0.88625	0.91501
0.90367	0.91541	0.93804
0.93307	0.94041	0.95706
0.95558	0.95908	0.97062
0.96906	0.97210	0.98070
0.97785	0.98130	0.98743
0.98531	0.98808	0.99211
0.99180	0.99256	0.99519
0.99464	0.99548	0.99710
0.44095	0.50981	0.65415
0.44095	0.50981	0.65415
0.60102	0.65155	0.78549
0.65143	0.69567	0.81838
0.74089	0.77713	0.87368
0.81639	0.84199	0.91458
0.86372	0.88099	0.93783
0.90633	0.91680	0.95698
0.93494	0.94086	0.97058
0.95696	0.95960	0.98063
0.96837	0.97244	0.98729
0.97824	0.98158	0.99191
0.98656	0.98810	0.99492
0.99177	0.99241	0.99679
0.63757	0.64255	0.65593
0.63757	0.64255	0.65593
0.75461	0.77081	0.78694
0.78899	0.80403	0.81966
0.85141	0.86149	0.87454
0.89880	0.90538	0.91501
0.92786	0.93064	0.93804
0.95003	0.95152	0.95706
0.96409	0.96647	0.97062
0.97751	0.97782	0.98070
0.98290	0.98534	0.98743
0.98877	0.99078	0.99211
0.99367	0.99428	0.99519
0.99626	0.99659	0.99710
0.60899	0.62460	0.65415
0.60899	0.62460	0.65415
0.73559	0.75472	0.78549
0.76987	0.79000	0.81838
0.83710	0.85007	0.87368
0.88940	0.89729	0.91458
0.92123	0.92503	0.93783
0.94302	0.94662	0.95698
0.96190	0.96338	0.97058
0.97523	0.97557	0.98063
0.98059	0.98380	0.98729
0.98705	0.98946	0.99191
0.99262	0.99341	0.99492
0.99577	0.99585	0.99679
0.55695	0.58743	0.65293
0.55695	0.58743	0.65293
0.69789	0.72601	0.78696
0.74081	0.76678	0.82020
0.81238	0.83273	0.87534
0.87031	0.88377	0.91536
0.90770	0.91401	0.93787
0.93532	0.93856	0.95636
0.95629	0.95727	0.96958
0.97052	0.97054	0.97949
0.97768	0.97940	0.98624
0.98472	0.98624	0.99111
0.98983	0.99121	0.99450
0.99440	0.99458	0.99681
0.44056	0.50091	0.65596
0.44056	0.50091	0.65596
0.60442	0.64612	0.78829
0.64974	0.69036	0.82096
0.73737	0.77022	0.87563
0.82054	0.84293	0.91595
0.86765	0.88278	0.93888
0.90606	0.91467	0.95778
0.93575	0.94040	0.97120
0.95618	0.95880	0.98111
0.96869	0.97162	0.98769
0.97755	0.98044	0.99225
0.98662	0.98818	0.99523
0.99210	0.99258	0.99708
0.65414	0.65204	0.65593
0.65414	0.65204	0.65593
0.76991	0.78084	0.78694
0.80435	0.81338	0.81966
0.86399	0.86923	0.87454
0.90631	0.91064	0.91501
0.93440	0.93462	0.93804
0.95446	0.95455	0.95706
0.96775	0.96883	0.97062
0.97919	0.97943	0.98070
0.98394	0.98658	0.98743
0.99025	0.99153	0.99211
0.99435	0.99481	0.99519
0.99665	0.99688	0.99710
0.64243	0.64501	0.65415
0.64243	0.64501	0.65415
0.76162	0.77428	0.78549
0.79644	0.80756	0.81838
0.85757	0.86442	0.87368
0.90492	0.90766	0.91458
0.93164	0.93235	0.93783
0.95164	0.95301	0.95698
0.96739	0.96779	0.97058
0.97864	0.97861	0.98063
0.98340	0.98578	0.98729
0.98914	0.99098	0.99191
0.99356	0.99430	0.99492
0.99648	0.99643	0.99679
0.62939	0.63531	0.65293
0.62939	0.63531	0.65293
0.75335	0.76775	0.78696
0.78563	0.80213	0.82020
0.84995	0.86038	0.87534
0.89809	0.90422	0.91536
0.92746	0.92954	0.93787
0.95150	0.95056	0.95636
0.96476	0.96494	0.96958
0.97826	0.97637	0.97949
0.98298	0.98384	0.98624
0.98842	0.98953	0.99111
0.99204	0.99336	0.99450
0.99589	0.99605	0.99681
0.60342	0.62161	0.65596
0.60342	0.62161	0.65596
0.73448	0.75604	0.78829
0.77194	0.79012	0.82096
0.84003	0.85254	0.87563
0.88879	0.89763	0.91595
0.92078	0.92445	0.93888
0.94550	0.94701	0.95778
0.96311	0.96420	0.97120
0.97603	0.97614	0.98111
0.98219	0.98409	0.98769
0.98737	0.98978	0.99225
0.99220	0.99370	0.99523
0.99582	0.99615	0.99708
0.55551	0.58763	0.65555
0.55551	0.58763	0.65555
0.69524	0.72479	0.79010
0.74085	0.76691	0.82291
0.81769	0.83578	0.87668
0.87404	0.88496	0.91551
0.91056	0.91456	0.93757
0.93880	0.93900	0.95604
0.95573	0.95592	0.96959
0.97281	0.97069	0.98007
0.97936	0.97987	0.98744
0.98379	0.98672	0.99292
0.99118	0.99307	0.99685
0.59197	0.63503	0.79079
0.64713	0.68980	0.82380
0.73938	0.77400	0.87832
0.81688	0.84110	0.91783
0.86770	0.88343	0.94007
0.90993	0.91789	0.95832
0.93890	0.94255	0.97132
0.95545	0.95799	0.98102
0.97048	0.97246	0.98756
0.96639	0.97678	0.99223
0.98718	0.98770	0.99541
0.65818	0.65485	0.65593
0.65818	0.65485	0.65593
0.77540	0.78440	0.78694
0.80916	0.81708	0.81966
0.86715	0.87192	0.87454
0.91229	0.91315	0.91501
0.93736	0.93652	0.93804
0.95624	0.95592	0.95706
0.96992	0.96976	0.97062
0.98003	0.98012	0.98070
0.98505	0.98701	0.98743
0.99084	0.99186	0.99211
0.99485	0.99502	0.99519
0.99675	0.99700	0.99710
0.65546	0.65137	0.65415
0.65546	0.65137	0.65415
0.77286	0.78093	0.78549
0.80496	0.81383	0.81838
0.86629	0.86956	0.87368
0.91080	0.91145	0.91458
0.93557	0.93541	0.93783
0.95460	0.95487	0.95698
0.96953	0.96928	0.97058
0.98044	0.97967	0.98063
0.98468	0.98664	0.98729
0.98958	0.99148	0.99191
0.99402	0.99465	0.99492
0.99681	0.99663	0.99679
0.64995	0.64700	0.65293
0.64995	0.64700	0.65293
0.76847	0.77897	0.78696
0.80109	0.81256	0.82020
0.86247	0.86919	0.87534
0.90668	0.91039	0.91536
0.93416	0.93392	0.93787
0.95496	0.95357	0.95636
0.96890	0.96756	0.96958
0.97955	0.97817	0.97949
0.98446	0.98526	0.98624
0.98940	0.99043	0.99111
0.99243	0.99399	0.99450
0.99626	0.99648	0.99681
0.63969	0.64435	0.65596
0.63969	0.64435	0.65596
0.76435	0.77575	0.78829
0.79458	0.80871	0.82096
0.85934	0.86600	0.87563
0.90342	0.90802	0.91595
0.93454	0.93344	0.93888
0.95465	0.95365	0.95778
0.96623	0.96779	0.97120
0.97984	0.97912	0.98111
0.98484	0.98631	0.98769
0.98884	0.99122	0.99225
0.99305	0.99458	0.99523
0.99636	0.99670	0.99708
0.62495	0.63455	0.65555
0.62495	0.63455	0.65555
0.75494	0.77003	0.79010
0.78617	0.80279	0.82291
0.85372	0.86262	0.87668
0.90456	0.90553	0.91551
0.93018	0.92920	0.93757
0.95285	0.95005	0.95604
0.96556	0.96448	0.96959
0.97850	0.97679	0.98007
0.98395	0.98476	0.98744
0.98869	0.99104	0.99292
0.99314	0.99551	0.99685
0.59975	0.61725	0.65548
0.59975	0.61725	0.65548
0.73565	0.75611	0.79079
0.77383	0.79241	0.82380
0.84476	0.85600	0.87832
0.89745	0.90190	0.91783
0.92517	0.92744	0.94007
0.94830	0.94899	0.95832
0.96473	0.96454	0.97132
0.97773	0.97638	0.98102
0.98267	0.98406	0.98756
0.98547	0.98877	0.99223
0.99295	0.99366	0.99541
0.54897	0.58205	0.66134
0.54897	0.58205	0.66134
0.69605	0.73120	0.79468
0.73739	0.76973	0.82599
0.81718	0.83804	0.87800
0.87653	0.88629	0.91677
0.91186	0.91542	0.93925
0.93681	0.93896	0.95808
0.95566	0.95774	0.97162
0.96858	0.97006	0.98167
0.98016	0.98207	0.98831
0.97760	0.98603	0.99284
0.99094	0.99285	0.99571
0.59480	0.63487	0.79535
0.65405	0.69045	0.82882
0.75177	0.78258	0.88398
0.82743	0.85053	0.92367
0.87210	0.89084	0.94569
0.91382	0.92603	0.96337
0.93706	0.94610	0.97557
0.95326	0.96230	0.98426
0.97194	0.97709	0.98976
0.96037	0.97860	0.99333
0.98600	0.98987	0.99544
0.66070	0.65556	0.65593
0.66070	0.65556	0.65593
0.77880	0.78603	0.78694
0.81173	0.81858	0.81966
0.86987	0.87338	0.87454
0.91102	0.91407	0.91501
0.94025	0.93731	0.93804
0.95868	0.95652	0.95706
0.97043	0.97023	0.97062
0.98104	0.98041	0.98070
0.98540	0.98724	0.98743
0.99074	0.99199	0.99211
0.99506	0.99511	0.99519
0.99690	0.99705	0.99710
0.65776	0.65318	0.65415
0.65776	0.65318	0.65415
0.77887	0.78359	0.78549
0.80687	0.81625	0.81838
0.86915	0.87176	0.87368
0.91057	0.91286	0.91458
0.93921	0.93670	0.93783
0.95742	0.95609	0.95698
0.97157	0.96999	0.97058
0.98040	0.98018	0.98063
0.98484	0.98699	0.98729
0.98980	0.99169	0.99191
0.99452	0.99479	0.99492
0.99686	0.99671	0.99679
0.65616	0.65087	0.65293
0.65616	0.65087	0.65293
0.77600	0.78357	0.78696
0.80876	0.81670	0.82020
0.87052	0.87270	0.87534
0.91096	0.91293	0.91536
0.93776	0.93615	0.93787
0.95655	0.95512	0.95636
0.97096	0.96863	0.96958
0.98061	0.97885	0.97949
0.98468	0.98578	0.98624
0.98983	0.99077	0.99111
0.99299	0.99427	0.99450
0.99646	0.99666	0.99681
0.65315	0.65202	0.65596
0.65315	0.65202	0.65596
0.77296	0.78241	0.78829
0.81112	0.81605	0.82096
0.86882	0.87166	0.87563
0.91424	0.91303	0.91595
0.93712	0.93598	0.93888
0.95788	0.95587	0.95778
0.96956	0.96975	0.97120
0.98090	0.98028	0.98111
0.98490	0.98690	0.98769
0.98959	0.99177	0.99225
0.99332	0.99493	0.99523
0.99646	0.99691	0.99708
0.64917	0.64842	0.65555
0.64917	0.64842	0.65555
0.77010	0.78120	0.79010
0.80698	0.81523	0.82291
0.86517	0.87036	0.87668
0.91115	0.91096	0.91551
0.93920	0.93424	0.93757
0.95603	0.95312	0.95604
0.96980	0.96749	0.96959
0.98096	0.97870	0.98007
0.98568	0.98632	0.98744
0.98968	0.99212	0.99292
0.99377	0.99628	0.99685
0.64015	0.64301	0.65548
0.64015	0.64301	0.65548
0.76645	0.77736	0.79079
0.80344	0.81251	0.82380
0.85789	0.86705	0.87832
0.90413	0.90932	0.91783
0.93469	0.93462	0.94007
0.95530	0.95437	0.95832
0.96906	0.96832	0.97132
0.98049	0.97889	0.98102
0.98495	0.98609	0.98756
0.98813	0.99066	0.99223
0.99426	0.99474	0.99541
0.62151	0.63642	0.66134
0.62151	0.63642	0.66134
0.75754	0.77550	0.79468
0.79091	0.80765	0.82599
0.85914	0.86491	0.87800
0.90607	0.90680	0.91677
0.93358	0.93168	0.93925
0.94983	0.95030	0.95808
0.96653	0.96661	0.97162
0.97903	0.97839	0.98167
0.98433	0.98615	0.98831
0.98504	0.99042	0.99284
0.99316	0.99471	0.99571
0.59586	0.61524	0.65758
0.59586	0.61524	0.65758
0.73944	0.76072	0.79535
0.77089	0.79410	0.82882
0.83955	0.85756	0.88398
0.88958	0.90317	0.92367
0.92904	0.93422	0.94569
0.94962	0.95418	0.96337
0.96430	0.96887	0.97557
0.97609	0.97931	0.98426
0.98343	0.98721	0.98976
0.98168	0.99013	0.99333
0.99224	0.99428	0.99544
0.54523	0.58927	0.66283
0.54523	0.58927	0.66283
0.69936	0.73036	0.79356
0.73274	0.76157	0.82611
0.82345	0.84116	0.88017
0.88122	0.89040	0.91930
0.91348	0.91890	0.94116
0.93961	0.94247	0.95898
0.95647	0.95890	0.97161
0.96785	0.97007	0.98105
0.98073	0.98155	0.98749
0.97463	0.98439	0.99218
0.99077	0.99216	0.99554
0.59105	0.63154	0.79582
0.63772	0.67732	0.83029
0.75286	0.77935	0.88651
0.81495	0.84046	0.92571
0.87409	0.89342	0.94672
0.91419	0.92620	0.96320
0.93506	0.94608	0.97442
0.94961	0.95954	0.98248
0.97067	0.97581	0.98778
0.95798	0.97583	0.99151
0.98647	0.98787	0.99408
0.66092	0.65585	0.65593
0.66092	0.65585	0.65593
0.78042	0.78661	0.78694
0.81243	0.81920	0.81966
0.87086	0.87399	0.87454
0.91368	0.91458	0.91501
0.93918	0.93768	0.93804
0.95795	0.95683	0.95706
0.96995	0.97041	0.97062
0.98128	0.98058	0.98070
0.98537	0.98734	0.98743
0.99081	0.99205	0.99211
0.99501	0.99515	0.99519
0.99689	0.99708	0.99710
0.65858	0.65384	0.65415
0.65858	0.65384	0.65415
0.77876	0.78465	0.78549
0.81057	0.81746	0.81838
0.87109	0.87283	0.87368
0.91429	0.91378	0.91458
0.93918	0.93732	0.93783
0.95656	0.95648	0.95698
0.97143	0.97023	0.97058
0.98161	0.98042	0.98063
0.98503	0.98714	0.98729
0.99023	0.99182	0.99191
0.99438	0.99486	0.99492
0.99698	0.99675	0.99679
0.65898	0.65217	0.65293
0.65898	0.65217	0.65293
0.78074	0.78558	0.78696
0.81236	0.81860	0.82020
0.87228	0.87395	0.87534
0.91343	0.91426	0.91536
0.93940	0.93710	0.93787
0.95837	0.95572	0.95636
0.97181	0.96912	0.96958
0.98077	0.97912	0.97949
0.98530	0.98600	0.98624
0.98986	0.99095	0.99111
0.99301	0.99438	0.99450
0.99655	0.99674	0.99681
0.65675	0.65445	0.65596
0.65675	0.65445	0.65596
0.78033	0.78612	0.78829
0.81230	0.81829	0.82096
0.87110	0.87355	0.87563
0.91429	0.91410	0.91595
0.93848	0.93746	0.93888
0.95834	0.95679	0.95778
0.97048	0.97053	0.97120
0.98189	0.98066	0.98111
0.98580	0.98736	0.98769
0.98988	0.99204	0.99225
0.99377	0.99509	0.99523
0.99666	0.99699	0.99708
0.65657	0.65285	0.65555
0.65657	0.65285	0.65555
0.77957	0.78619	0.79010
0.81244	0.81923	0.82291
0.87099	0.87370	0.87668
0.91444	0.91311	0.91551
0.94048	0.93584	0.93757
0.95859	0.95476	0.95604
0.97063	0.96846	0.96959
0.98141	0.97929	0.98007
0.98637	0.98686	0.98744
0.99001	0.99249	0.99292
0.99401	0.99659	0.99685
0.65400	0.65065	0.65548
0.65400	0.65065	0.65548
0.78196	0.78558	0.79079
0.81367	0.81850	0.82380
0.87085	0.87381	0.87832
0.91531	0.91473	0.91783
0.93771	0.93720	0.94007
0.95894	0.95660	0.95832
0.97150	0.97002	0.97132
0.98241	0.98013	0.98102
0.98582	0.98688	0.98756
0.99003	0.99157	0.99223
0.99463	0.99510	0.99541
0.64775	0.65247	0.66134
0.64775	0.65247	0.66134
0.77447	0.78610	0.79468
0.80770	0.81782	0.82599
0.87194	0.87260	0.87800
0.91366	0.91216	0.91677
0.93663	0.93492	0.93925
0.95855	0.95555	0.95808
0.97124	0.96966	0.97162
0.98076	0.98003	0.98167
0.98559	0.98726	0.98831
0.98721	0.99158	0.99284
0.99379	0.99525	0.99571
0.63833	0.64303	0.65758
0.63833	0.64303	0.65758
0.76869	0.78179	0.79535
0.79829	0.81455	0.82882
0.86598	0.87478	0.88398
0.90920	0.91608	0.92367
0.93546	0.93996	0.94569
0.95598	0.95935	0.96337
0.97031	0.97315	0.97557
0.97994	0.98228	0.98426
0.98496	0.98854	0.98976
0.98495	0.99180	0.99333
0.99355	0.99501	0.99544
0.62197	0.63955	0.66283
0.62197	0.63955	0.66283
0.75428	0.77150	0.79356
0.79341	0.80680	0.82611
0.85751	0.86536	0.88017
0.90711	0.90927	0.91930
0.92948	0.93155	0.94116
0.95412	0.95312	0.95898
0.96625	0.96654	0.97161
0.97763	0.97712	0.98105
0.98539	0.98556	0.98749
0.98292	0.98910	0.99218
0.99317	0.99436	0.99554
0.59422	0.61429	0.65720
0.59422	0.61429	0.65720
0.74431	0.76238	0.79582
0.77402	0.79569	0.83029
0.84910	0.86424	0.88651
0.89345	0.90728	0.92571
0.92472	0.93343	0.94672
0.95105	0.95553	0.96320
0.96562	0.96875	0.97442
0.97423	0.97735	0.98248
0.98360	0.98535	0.98778
0.97949	0.98786	0.99151
0.99300	0.99270	0.99408
0.54310	0.58635	0.66120
0.54310	0.58635	0.66120
0.70572	0.73263	0.79720
0.73807	0.76748	0.83243
0.81740	0.84304	0.89104
0.85730	0.88201	0.93207
0.91079	0.92947	0.95354
0.94000	0.95438	0.96962
0.95603	0.96884	0.97984
0.96724	0.97833	0.98651
0.98086	0.98684	0.99036
0.97197	0.98783	0.99265
0.59431	0.64873	0.80473
0.65167	0.70166	0.83662
0.71494	0.75660	0.88799
0.78472	0.81188	0.92423
0.86987	0.88955	0.94434
0.90950	0.92264	0.96079
0.93201	0.94259	0.97257
0.94898	0.95557	0.98148
0.97121	0.97392	0.98763
0.95558	0.97301	0.99217
0.34185	0.35258	0.54145
0.51621	0.53809	0.63063
0.64349	0.66363	0.71737
0.73612	0.75226	0.78881
0.53501	0.52023	0.76223
0.69236	0.70372	0.82657
0.78469	0.79623	0.87790
0.16607	0.17813	0.29716
0.29401	0.31334	0.37843
0.39872	0.41474	0.45216
0.50920	0.52063	0.54145
0.60911	0.61806	0.63063
0.70325	0.70831	0.71737
0.77582	0.78180	0.78881
0.83830	0.84234	0.84788
0.88633	0.88925	0.89363
0.92373	0.92486	0.92821
0.21973	0.21297	0.42377
0.38414	0.40137	0.51012
0.52226	0.54258	0.59836
0.64137	0.65460	0.68686
0.73003	0.73897	0.76223
0.80157	0.80836	0.82657
0.51917	0.52096	0.66177
0.65495	0.66550	0.74293
0.74847	0.75947	0.81274
0.82134	0.82928	0.86793
0.87551	0.88123	0.90998
0.60371	0.57081	0.80184
0.81598	0.81795	0.90442
0.73667	0.73326	0.85978
0.60371	0.57081	0.80184
0.12558	0.14058	0.20645
0.16368	0.17997	0.23271
0.25736	0.27000	0.29716
0.35549	0.36459	0.37843
0.43851	0.44414	0.45216
0.53007	0.53700	0.54145
0.62208	0.62787	0.63063
0.71445	0.71548	0.71737
0.78484	0.78736	0.78881
0.84468	0.84658	0.84788
0.89172	0.89252	0.89363
0.92789	0.92735	0.92821
0.14466	0.14906	0.27645
0.27076	0.28611	0.35342
0.37162	0.38662	0.42377
0.47530	0.48974	0.51012
0.57547	0.58658	0.59836
0.67497	0.67882	0.68686
0.75347	0.75625	0.76223
0.81929	0.82159	0.82657
0.87324	0.87387	0.87790
0.91402	0.91454	0.91773
0.24248	0.24451	0.39906
0.39812	0.40810	0.48114
0.51834	0.52753	0.56922
0.63304	0.63713	0.66177
0.71934	0.72459	0.74293
0.79397	0.79888	0.81274
0.40234	0.40134	0.55379
0.56735	0.57503	0.64666
0.67450	0.68408	0.72949
0.59098	0.58873	0.71382
0.70803	0.70836	0.78825
0.79049	0.79087	0.85001
0.79590	0.78304	0.89531
0.70499	0.67997	0.84594
0.08405	0.09877	0.14047
0.08405	0.09877	0.14047
0.17298	0.18441	0.20645
0.20797	0.21669	0.23271
0.28389	0.28907	0.29716
0.37036	0.37476	0.37843
0.44548	0.45018	0.45216
0.53712	0.54050	0.54145
0.62615	0.63011	0.63063
0.71715	0.71697	0.71737
0.78780	0.78852	0.78881
0.84696	0.84761	0.84788
0.89320	0.89338	0.89363
0.92929	0.92800	0.92821
0.09716	0.10636	0.19160
0.13226	0.14332	0.21595
0.22534	0.23794	0.27645
0.32675	0.33588	0.35342
0.40658	0.41388	0.42377
0.49658	0.50502	0.51012
0.58819	0.59523	0.59836
0.68175	0.68469	0.68686
0.75977	0.76066	0.76223
0.82579	0.82514	0.82657
0.87631	0.87669	0.87790
0.91747	0.91672	0.91773
0.13062	0.13059	0.26414
0.25583	0.26805	0.33436
0.35659	0.36466	0.39906
0.45752	0.46204	0.48114
0.55465	0.55778	0.56922
0.65239	0.65445	0.66177
0.73465	0.73745	0.74293
0.80696	0.80838	0.81274
0.86283	0.86431	0.86793
0.90677	0.90711	0.90998
0.25541	0.26013	0.38683
0.39793	0.40741	0.46683
0.51552	0.52172	0.55379
0.62128	0.62692	0.64666
0.71013	0.71495	0.72949
0.78661	0.79110	0.80184
0.26306	0.24497	0.45663
0.44329	0.45100	0.54069
0.58207	0.58627	0.63125
0.67866	0.68262	0.71382
0.76387	0.76440	0.78825
0.83219	0.83082	0.85001
0.88324	0.88432	0.89930
0.49889	0.49661	0.62388
0.63612	0.64042	0.70784
0.73093	0.73472	0.78351
0.80713	0.80925	0.84594
0.86538	0.86659	0.89531
0.53103	0.50387	0.71478
0.67477	0.68092	0.79240
0.76951	0.78194	0.85176
0.83552	0.84569	0.89633
0.11062	0.12167	0.14047
0.11062	0.12167	0.14047
0.19389	0.19866	0.20645
0.22196	0.22680	0.23271
0.29182	0.29461	0.29716
0.37433	0.37753	0.37843
0.44955	0.45168	0.45216
0.53990	0.54130	0.54145
0.62916	0.63051	0.63063
0.71818	0.71731	0.71737
0.78834	0.78875	0.78881
0.84784	0.84783	0.84788
0.89426	0.89357	0.89363
0.92902	0.92816	0.92821
0.14363	0.15498	0.19160
0.18019	0.18977	0.21595
0.25709	0.26341	0.27645
0.34077	0.34767	0.35342
0.41416	0.42069	0.42377
0.50234	0.50868	0.51012
0.59085	0.59757	0.59836
0.68454	0.68636	0.68686
0.76190	0.76182	0.76223
0.82559	0.82620	0.82657
0.87802	0.87753	0.87790
0.91789	0.91743	0.91773
0.11225	0.11771	0.20791
0.20280	0.21558	0.26414
0.30677	0.31393	0.33436
0.38454	0.38762	0.39906
0.47253	0.47508	0.48114
0.56633	0.56579	0.56922
0.65942	0.65961	0.66177
0.74084	0.74109	0.74293
0.81146	0.81131	0.81274
0.86645	0.86669	0.86793
0.90897	0.90898	0.90998
0.11802	0.11400	0.25663
0.24467	0.25551	0.32429
0.34287	0.35204	0.38683
0.44516	0.44900	0.46683
0.54094	0.54355	0.55379
0.63846	0.64015	0.64666
0.72115	0.72439	0.72949
0.79641	0.79784	0.80184
0.85641	0.85650	0.85978
0.90194	0.90182	0.90442
0.26447	0.27042	0.37902
0.39865	0.40856	0.45663
0.50967	0.51468	0.54069
0.61459	0.61528	0.63125
0.70366	0.70246	0.71382
0.78145	0.77911	0.78825
0.30588	0.30263	0.44872
0.46268	0.46900	0.53249
0.58587	0.58990	0.62388
0.68118	0.68463	0.70784
0.35330	0.33420	0.52486
0.53477	0.53874	0.62382
0.65003	0.66482	0.71478
0.74202	0.75884	0.79240
0.81511	0.82800	0.85176
0.86975	0.87788	0.89633
0.40969	0.36988	0.61141
0.60416	0.60291	0.69565
0.70994	0.70975	0.77255
0.79082	0.78981	0.83708
0.85203	0.85164	0.88927
0.64939	0.63240	0.76830
0.12640	0.13220	0.14047
0.12640	0.13220	0.14047
0.20063	0.20338	0.20645
0.22894	0.23080	0.23271
0.29379	0.29644	0.29716
0.37549	0.37822	0.37843
0.44990	0.45201	0.45216
0.53848	0.54139	0.54145
0.62681	0.63060	0.63063
0.71583	0.71736	0.71737
0.78664	0.78879	0.78881
0.84858	0.84787	0.84788
0.89415	0.89362	0.89363
0.92917	0.92820	0.92821
0.08523	0.09910	0.13173
0.08523	0.09910	0.13173
0.17017	0.17661	0.19160
0.20008	0.20532	0.21595
0.26878	0.27166	0.27645
0.34809	0.35145	0.35342
0.41750	0.42284	0.42377
0.50304	0.50971	0.51012
0.59259	0.59815	0.59836
0.68527	0.68676	0.68686
0.76184	0.76210	0.76223
0.82657	0.82648	0.82657
0.87953	0.87780	0.87790
0.91792	0.91764	0.91773
0.11946	0.12974	0.18476
0.15720	0.16855	0.20791
0.23807	0.24600	0.26414
0.32314	0.32659	0.33436
0.39404	0.39511	0.39906
0.47944	0.47915	0.48114
0.56829	0.56813	0.56922
0.66383	0.66114	0.66177
0.74251	0.74240	0.74293
0.81199	0.81231	0.81274
0.86764	0.86750	0.86793
0.90998	0.90964	0.90998
0.09574	0.09651	0.20235
0.18708	0.19863	0.25663
0.29309	0.30081	0.32429
0.37175	0.37454	0.38683
0.46017	0.46055	0.46683
0.54758	0.54989	0.55379
0.64350	0.64441	0.64666
0.72567	0.72771	0.72949
0.80107	0.80044	0.80184
0.85918	0.85856	0.85978
0.90350	0.90339	0.90442
0.23917	0.24854	0.31780
0.33841	0.34600	0.37902
0.43662	0.44002	0.45663
0.53002	0.53154	0.54069
0.62621	0.62540	0.63125
0.71173	0.70919	0.71382
0.78788	0.78463	0.78825
0.27161	0.27885	0.37237
0.40208	0.40839	0.44872
0.50565	0.51063	0.53249
0.60888	0.61091	0.62388
0.69691	0.69818	0.70784
0.33629	0.33765	0.43854
0.47356	0.47594	0.52486
0.58557	0.59364	0.62382
0.68048	0.69485	0.71478
0.40806	0.40790	0.52065
0.55577	0.55873	0.61141
0.65750	0.66132	0.69565
0.45939	0.44032	0.58871
0.56070	0.55593	0.64295
0.63987	0.63737	0.69634
0.70208	0.69894	0.74756
0.75297	0.75185	0.79395
0.80144	0.80037	0.83646
0.83810	0.84092	0.87426
0.57147	0.56303	0.68651
0.69234	0.68798	0.76506
0.77870	0.77448	0.83314
0.62770	0.60016	0.76176
0.42075	0.42973	0.61696
0.60468	0.62344	0.70074
0.21441	0.22851	0.35430
0.36730	0.38253	0.43520
0.49123	0.50182	0.52792
0.59603	0.60272	0.61696
0.68656	0.69165	0.70074
0.43808	0.45018	0.56160
0.58633	0.59819	0.65028
0.68549	0.68835	0.77586
0.50565	0.48892	0.69769
0.13789	0.15205	0.23267
0.23256	0.24542	0.28445
0.32826	0.33509	0.35430
0.42275	0.42606	0.43520
0.52229	0.52375	0.52792
0.61409	0.61460	0.61696
0.69782	0.69923	0.70074
0.77208	0.77197	0.77309
0.83367	0.83239	0.83325
0.88082	0.88040	0.88109
0.15185	0.14977	0.31257
0.29823	0.31119	0.38547
0.43277	0.44198	0.47283
0.53791	0.54535	0.56160
0.63683	0.64105	0.65028
0.42572	0.43532	0.52187
0.56162	0.57075	0.61182
0.67111	0.67432	0.69769
0.75852	0.75980	0.77586
0.32848	0.28525	0.58206
0.70101	0.70243	0.75284
0.57670	0.57957	0.66984
0.32848	0.28525	0.58206
0.05718	0.06145	0.13792
0.11720	0.13088	0.17917
0.20323	0.21294	0.23267
0.26981	0.27452	0.28445
0.34822	0.35005	0.35430
0.43281	0.43340	0.43520
0.52868	0.52716	0.52792
0.61605	0.61658	0.61696
0.69829	0.70050	0.70074
0.77305	0.77292	0.77309
0.83391	0.83312	0.83325
0.88132	0.88097	0.88109
0.15877	0.17032	0.25128
0.26935	0.27883	0.31257
0.36393	0.37017	0.38547
0.46162	0.46578	0.47283
0.55440	0.55790	0.56160
0.64782	0.64830	0.65028
0.25266	0.26152	0.35398
0.39018	0.39944	0.43563
0.49813	0.50412	0.52187
0.59788	0.60216	0.61182
0.21899	0.20110	0.41009
0.40897	0.41752	0.49316
0.53978	0.54688	0.58206
0.64859	0.65033	0.66984
0.74022	0.73986	0.75284
0.41397	0.40952	0.55812
0.69761	0.69688	0.73232
0.58399	0.58577	0.64599
0.41397	0.40952	0.55812
0.06516	0.07365	0.12127
0.09191	0.10334	0.13792
0.15484	0.16381	0.17917
0.22275	0.22689	0.23267
0.27869	0.28168	0.28445
0.35281	0.35330	0.35430
0.43395	0.43487	0.43520
0.52872	0.52780	0.52792
0.61691	0.61690	0.61696
0.69949	0.70071	0.70074
0.77384	0.77306	0.77309
0.83570	0.83323	0.83325
0.88149	0.88107	0.88109
0.06549	0.06577	0.15974
0.14522	0.15710	0.20629
0.22203	0.22982	0.25128
0.30038	0.30313	0.31257
0.37865	0.38117	0.38547
0.46868	0.47126	0.47283
0.55952	0.56087	0.56160
0.64926	0.64988	0.65028
0.73328	0.73119	0.73144
0.80350	0.80240	0.80261
0.10948	0.10806	0.23237
0.22276	0.23303	0.28762
0.32741	0.33224	0.35398
0.42315	0.42610	0.43563
0.51520	0.51718	0.52187
0.60885	0.60937	0.61182
0.21430	0.21831	0.33277
0.36281	0.37020	0.41009
0.46799	0.47435	0.49316
0.21588	0.19919	0.39214
0.39586	0.40393	0.47163
0.43645	0.43913	0.54138
0.69128	0.68997	0.71670
0.58197	0.58415	0.62911
0.43645	0.43913	0.54138
0.09057	0.10050	0.12127
0.11605	0.12432	0.13792
0.16875	0.17376	0.17917
0.22884	0.23078	0.23267
0.28237	0.28367	0.28445
0.35537	0.35411	0.35430
0.43484	0.43516	0.43520
0.52810	0.52790	0.52792
0.61611	0.61696	0.61696
0.70058	0.70073	0.70074
0.77311	0.77308	0.77309
0.83495	0.83325	0.83325
0.88172	0.88109	0.88109
0.05026	0.05210	0.12360
0.10501	0.11579	0.15974
0.18478	0.19121	0.20629
0.24306	0.24458	0.25128
0.30863	0.30972	0.31257
0.38582	0.38449	0.38547
0.47145	0.47246	0.47283
0.55974	0.56145	0.56160
0.65000	0.65021	0.65028
0.73265	0.73139	0.73144
0.80395	0.80258	0.80261
0.09898	0.10224	0.19164
0.17991	0.19098	0.23237
0.26705	0.27160	0.28762
0.34460	0.34673	0.35398
0.43297	0.43296	0.43563
0.51756	0.52070	0.52187
0.61081	0.61122	0.61182
0.18223	0.18937	0.27046
0.29788	0.30300	0.33277
0.39374	0.39760	0.41009
0.48355	0.48729	0.49316
0.57708	0.57910	0.58206
0.18489	0.17965	0.31854
0.34412	0.35015	0.39214
0.44754	0.45203	0.47163
0.54595	0.54843	0.55812
0.20234	0.18290	0.37907
0.38649	0.39464	0.45629
0.50717	0.51380	0.54138
0.61330	0.61417	0.62911
0.70986	0.70727	0.71670
0.44541	0.44987	0.52740
0.68286	0.68163	0.70323
0.57564	0.57873	0.61483
0.44541	0.44987	0.52740
0.64498	0.64433	0.69144
0.51126	0.50971	0.60276
0.49322	0.45958	0.64500
0.20926	0.20692	0.45946
0.34664	0.35844	0.54014
0.49705	0.51380	0.63292
0.61947	0.64023	0.71930
0.72456	0.74166	0.79680
0.79789	0.81356	0.85560
0.85613	0.86935	0.90062
0.90164	0.91110	0.93306
0.93355	0.94082	0.95594
0.49898	0.48757	0.77552
0.62664	0.63113	0.83886
0.72506	0.74830	0.88811
0.80051	0.82854	0.92394
0.85885	0.88479	0.94939
0.13111	0.14473	0.25963
0.17164	0.18861	0.29133
0.27811	0.29771	0.36709
0.40446	0.41675	0.45946
0.49861	0.50860	0.54014
0.60076	0.60988	0.63292
0.69453	0.70205	0.71930
0.78106	0.78335	0.79680
0.83945	0.84502	0.85560
0.88978	0.89290	0.90062
0.92452	0.92742	0.93306
0.94894	0.95207	0.95594
0.25427	0.25877	0.43659
0.38696	0.39799	0.51414
0.51643	0.52777	0.60576
0.62433	0.63719	0.69394
0.72463	0.73400	0.77552
0.79707	0.80729	0.83886
0.85675	0.86466	0.88811
0.90099	0.90689	0.92394
0.93356	0.93752	0.94939
0.49064	0.48255	0.67753
0.62532	0.63649	0.76076
0.72474	0.73779	0.82652
0.79892	0.81243	0.87847
0.69155	0.69562	0.91283
0.74288	0.79498	0.94204
0.10321	0.12065	0.17681
0.10321	0.12065	0.17681
0.20501	0.22160	0.25963
0.24757	0.26164	0.29133
0.34162	0.34900	0.36709
0.44311	0.44771	0.45946
0.52703	0.53152	0.54014
0.62396	0.62662	0.63292
0.71039	0.71440	0.71930
0.79242	0.79278	0.79680
0.85156	0.85230	0.85560
0.89521	0.89818	0.90062
0.93017	0.93130	0.93306
0.95344	0.95471	0.95594
0.12012	0.12966	0.24697
0.15947	0.17126	0.27722
0.26762	0.28230	0.34909
0.38699	0.39596	0.43659
0.47749	0.48386	0.51414
0.57855	0.58378	0.60576
0.67325	0.67750	0.69394
0.75857	0.76236	0.77552
0.82517	0.82853	0.83886
0.87528	0.88015	0.88811
0.91710	0.91837	0.92394
0.94385	0.94539	0.94939
0.27913	0.28663	0.42299
0.40141	0.41004	0.49867
0.52272	0.52992	0.58912
0.62443	0.63211	0.67753
0.72125	0.72772	0.76076
0.79557	0.80070	0.82652
0.85411	0.85873	0.87847
0.89848	0.90243	0.91682
0.93145	0.93417	0.94444
0.40797	0.40005	0.57835
0.54716	0.55178	0.66645
0.66065	0.67176	0.75071
0.74857	0.75834	0.81835
0.81912	0.82709	0.87249
0.54121	0.53080	0.74261
0.65639	0.65831	0.81154
0.74128	0.75152	0.86722
0.80370	0.82132	0.90900
0.86015	0.87782	0.93940
0.14058	0.15293	0.17681
0.14058	0.15293	0.17681
0.23879	0.24657	0.25963
0.27348	0.28099	0.29133
0.35785	0.36084	0.36709
0.45492	0.45591	0.45946
0.53395	0.53731	0.54014
0.63192	0.63108	0.63292
0.71876	0.71796	0.71930
0.79810	0.79566	0.79680
0.85274	0.85457	0.85560
0.89763	0.89980	0.90062
0.93098	0.93245	0.93306
0.95579	0.95554	0.95594
0.18466	0.19878	0.24697
0.22710	0.24051	0.27722
0.31923	0.32686	0.34909
0.41790	0.42236	0.43659
0.50211	0.50399	0.51414
0.59490	0.59803	0.60576
0.68620	0.68839	0.69394
0.77077	0.77092	0.77552
0.83313	0.83491	0.83886
0.88475	0.88518	0.88811
0.92171	0.92180	0.92394
0.94669	0.94787	0.94939
0.11091	0.11729	0.23999
0.14916	0.15648	0.26906
0.25695	0.26990	0.33827
0.37509	0.38307	0.42299
0.46338	0.46972	0.49867
0.56423	0.56805	0.58912
0.65722	0.66167	0.67753
0.74452	0.74772	0.76076
0.81344	0.81645	0.82652
0.86799	0.87078	0.87847
0.90947	0.91108	0.91682
0.93947	0.94035	0.94444
0.15072	0.14637	0.33233
0.29907	0.30722	0.41520
0.41079	0.41781	0.48929
0.52377	0.52950	0.57835
0.61813	0.62765	0.66645
0.71987	0.72366	0.75071
0.79129	0.79541	0.81835
0.85178	0.85526	0.87249
0.89710	0.89994	0.91283
0.92996	0.93288	0.94204
0.29348	0.28284	0.48174
0.44900	0.44901	0.56983
0.57117	0.57628	0.65768
0.67251	0.68156	0.74261
0.76002	0.76556	0.81154
0.82725	0.83195	0.86722
0.87837	0.88284	0.90900
0.91489	0.92038	0.93940
0.47372	0.45680	0.65129
0.61078	0.61522	0.73632
0.70347	0.70974	0.80606
0.58394	0.55875	0.80139
0.67403	0.66883	0.85899
0.73565	0.75441	0.90277
0.15964	0.16672	0.17681
0.15964	0.16672	0.17681
0.25040	0.25449	0.25963
0.28402	0.28749	0.29133
0.36458	0.36518	0.36709
0.45933	0.45844	0.45946
0.53745	0.53936	0.54014
0.63224	0.63238	0.63292
0.71878	0.71891	0.71930
0.80065	0.79645	0.79680
0.85516	0.85530	0.85560
0.89830	0.90035	0.90062
0.93100	0.93287	0.93306
0.95559	0.95581	0.95594
0.12053	0.13365	0.16822
0.12053	0.13365	0.16822
0.21978	0.22816	0.24697
0.25520	0.26268	0.27722
0.33721	0.34036	0.34909
0.43217	0.43126	0.43659
0.51078	0.51056	0.51414
0.60203	0.60304	0.60576
0.69118	0.69194	0.69394
0.77612	0.77373	0.77552
0.83656	0.83740	0.83886
0.88628	0.88698	0.88811
0.92300	0.92309	0.92394
0.94759	0.94880	0.94939
0.17031	0.18361	0.23999
0.21265	0.22576	0.26906
0.30552	0.31314	0.33827
0.40294	0.40678	0.42299
0.48398	0.48686	0.49867
0.57810	0.58054	0.58912
0.66919	0.67120	0.67753
0.75446	0.75539	0.76076
0.82129	0.82233	0.82652
0.87438	0.87516	0.87847
0.91336	0.91435	0.91682
0.94257	0.94265	0.94444
0.14316	0.14889	0.26455
0.25166	0.26451	0.33233
0.36782	0.37637	0.41520
0.45708	0.46239	0.48929
0.55536	0.55845	0.57835
0.64491	0.65039	0.66645
0.73705	0.73844	0.75071
0.80721	0.80852	0.81835
0.86417	0.86491	0.87249
0.90548	0.90702	0.91283
0.93597	0.93789	0.94204
0.15911	0.15356	0.32700
0.30717	0.31466	0.40871
0.41645	0.42284	0.48174
0.52230	0.52733	0.56983
0.61802	0.62456	0.65768
0.71303	0.71690	0.74261
0.78998	0.79216	0.81154
0.84910	0.85178	0.86722
0.89589	0.89737	0.90900
0.92815	0.93104	0.93940
0.32765	0.32502	0.47736
0.47116	0.47487	0.56419
0.58255	0.58803	0.65129
0.68193	0.68756	0.73632
0.76543	0.76806	0.80606
0.83054	0.83347	0.86288
0.35853	0.33689	0.55973
0.51303	0.50829	0.64619
0.63487	0.64198	0.73118
0.72315	0.72816	0.80139
0.56491	0.55618	0.72710
0.66088	0.65961	0.79703
0.16953	0.17219	0.17681
0.16953	0.17219	0.17681
0.25466	0.25761	0.25963
0.28731	0.28980	0.29133
0.36375	0.36634	0.36709
0.45876	0.45912	0.45946
0.54137	0.53989	0.54014
0.63349	0.63274	0.63292
0.72044	0.71918	0.71930
0.80080	0.79671	0.79680
0.85659	0.85549	0.85560
0.89939	0.90054	0.90062
0.93191	0.93300	0.93306
0.95711	0.95590	0.95594
0.14352	0.15193	0.16822
0.14352	0.15193	0.16822
0.23449	0.23892	0.24697
0.26696	0.27119	0.27722
0.34492	0.34578	0.34909
0.43433	0.43461	0.43659
0.51397	0.51272	0.51414
0.60563	0.60485	0.60576
0.69382	0.69324	0.69394
0.77710	0.77488	0.77552
0.83753	0.83826	0.83886
0.88608	0.88767	0.88811
0.92273	0.92358	0.92394
0.94976	0.94915	0.94939
0.10620	0.11969	0.16429
0.10620	0.11969	0.16429
0.20798	0.21670	0.23999
0.24105	0.25022	0.26906
0.32304	0.32738	0.33827
0.41378	0.41628	0.42299
0.49320	0.49387	0.49867
0.58494	0.58575	0.58912
0.67149	0.67479	0.67753
0.75931	0.75860	0.76076
0.82537	0.82474	0.82652
0.87709	0.87698	0.87847
0.91574	0.91568	0.91682
0.94367	0.94365	0.94444
0.15810	0.16989	0.23609
0.20260	0.21521	0.26455
0.29670	0.30460	0.33233
0.39335	0.39866	0.41520
0.47600	0.47738	0.48929
0.56642	0.56980	0.57835
0.65504	0.65929	0.66645
0.74466	0.74480	0.75071
0.81390	0.81392	0.81835
0.86794	0.86890	0.87249
0.90885	0.91007	0.91283
0.93919	0.94004	0.94204
0.13687	0.14053	0.26015
0.24755	0.25802	0.32700
0.36438	0.37038	0.40871
0.45102	0.45545	0.48174
0.54780	0.55039	0.56983
0.63918	0.64193	0.65768
0.72803	0.72967	0.74261
0.80110	0.80194	0.81154
0.85926	0.85982	0.86722
0.90162	0.90327	0.90900
0.93416	0.93527	0.93940
0.17328	0.16825	0.32441
0.31750	0.32551	0.40540
0.41794	0.42410	0.47736
0.52189	0.52609	0.56419
0.61635	0.62152	0.65129
0.71192	0.71351	0.73632
0.78726	0.78839	0.80606
0.84802	0.84877	0.86288
0.21557	0.20110	0.40293
0.35758	0.35931	0.47395
0.48629	0.49077	0.55973
0.58792	0.59198	0.64619
0.68242	0.68842	0.73118
0.76603	0.76827	0.80139
0.41300	0.40452	0.55649
0.54390	0.54404	0.64262
0.64850	0.65532	0.72710
0.73264	0.73698	0.79703
0.51888	0.50465	0.66049
0.58006	0.57270	0.70913
0.64318	0.64016	0.75628
0.69613	0.69521	0.79894
0.74600	0.74675	0.83657
0.78313	0.78776	0.86803
0.81941	0.82464	0.89474
0.85388	0.86028	0.91684
0.50890	0.47491	0.72131
0.61891	0.60769	0.79025
0.69066	0.68991	0.84736
0.74624	0.76011	0.89169
0.21205	0.23022	0.50864
0.35738	0.36124	0.62171
0.52609	0.54192	0.72647
0.63970	0.66380	0.79405
0.73905	0.76632	0.85350
0.81410	0.83703	0.89738
0.86969	0.89056	0.93051
0.90948	0.92598	0.95283
0.94023	0.95083	0.96865
0.95693	0.96756	0.97945
0.97309	0.97903	0.98674
0.98149	0.98650	0.99149
0.76079	0.76845	0.92923
0.82837	0.85220	0.95205
0.88298	0.90754	0.96809
0.91883	0.94053	0.97890
0.94690	0.96190	0.98610
0.19563	0.22977	0.31183
0.19563	0.22977	0.31183
0.36107	0.38513	0.45514
0.41978	0.44441	0.50864
0.55244	0.57376	0.62171
0.67556	0.69016	0.72647
0.75306	0.76545	0.79405
0.82002	0.83176	0.85350
0.87043	0.88160	0.89738
0.91275	0.91917	0.93051
0.93667	0.94462	0.95283
0.95755	0.96291	0.96865
0.97171	0.97561	0.97945
0.98325	0.98427	0.98674
0.98742	0.98990	0.99149
0.22993	0.24844	0.44443
0.29586	0.30834	0.49762
0.44596	0.45837	0.61164
0.59766	0.61622	0.71882
0.69407	0.71173	0.78847
0.77889	0.79434	0.84987
0.83952	0.85578	0.89516
0.89006	0.90279	0.92923
0.92023	0.93306	0.95205
0.94823	0.95539	0.96809
0.96492	0.97041	0.97890
0.97717	0.98053	0.98610
0.43401	0.38654	0.71965
0.56766	0.55014	0.79041
0.69842	0.70823	0.85192
0.77891	0.79951	0.89664
0.84752	0.86885	0.92991
0.89420	0.91253	0.95206
0.92650	0.94122	0.96767
0.94888	0.96062	0.97834
0.96699	0.97375	0.98564
0.80418	0.82381	0.95181
0.86724	0.89329	0.96704
0.26523	0.28155	0.31183
0.26523	0.28155	0.31183
0.41857	0.43336	0.45514
0.47501	0.48932	0.50864
0.59829	0.60706	0.62171
0.70670	0.71475	0.72647
0.78155	0.78453	0.79405
0.84254	0.84610	0.85350
0.88824	0.89181	0.89738
0.92197	0.92632	0.93051
0.94883	0.94969	0.95283
0.96586	0.96630	0.96865
0.97639	0.97785	0.97945
0.98506	0.98572	0.98674
0.99070	0.99084	0.99149
0.20167	0.23183	0.30473
0.20167	0.23183	0.30473
0.36351	0.38349	0.44443
0.42731	0.44434	0.49762
0.55611	0.57055	0.61164
0.67873	0.68804	0.71882
0.75760	0.76387	0.78847
0.82269	0.83111	0.84987
0.87396	0.88149	0.89516
0.91461	0.91915	0.92923
0.93967	0.94464	0.95205
0.95978	0.96278	0.96809
0.97329	0.97541	0.97890
0.98124	0.98379	0.98610
0.28076	0.29356	0.43782
0.34439	0.35491	0.49208
0.49691	0.51046	0.60949
0.63239	0.64909	0.71965
0.72335	0.73758	0.79041
0.79991	0.81345	0.85192
0.85349	0.86894	0.89664
0.90072	0.91047	0.92991
0.93283	0.93842	0.95206
0.95195	0.95814	0.96767
0.96773	0.97179	0.97834
0.98062	0.98124	0.98564
0.37564	0.35523	0.60604
0.55438	0.55275	0.71922
0.65990	0.67084	0.79157
0.75977	0.77540	0.85354
0.82288	0.84344	0.89781
0.87819	0.89474	0.93030
0.91606	0.92781	0.95181
0.94174	0.95044	0.96704
0.96199	0.96616	0.97763
0.97447	0.97720	0.98515
0.52442	0.45256	0.79468
0.67392	0.66314	0.85645
0.76201	0.77919	0.89974
0.83737	0.86041	0.93117
0.88556	0.90666	0.95200
0.92114	0.93667	0.96692
0.94662	0.95694	0.97752
0.96333	0.97049	0.98527
0.85670	0.88480	0.96738
0.29346	0.29958	0.31183
0.29346	0.29958	0.31183
0.43839	0.44755	0.45514
0.49243	0.50200	0.50864
0.61422	0.61691	0.62171
0.72063	0.72233	0.72647
0.79017	0.79071	0.79405
0.85084	0.85078	0.85350
0.89138	0.89521	0.89738
0.92652	0.92884	0.93051
0.95030	0.95147	0.95283
0.96525	0.96758	0.96865
0.97696	0.97872	0.97945
0.98642	0.98628	0.98674
0.99060	0.99119	0.99149
0.25683	0.27320	0.30473
0.25683	0.27320	0.30473
0.41246	0.42309	0.44443
0.46653	0.47788	0.49762
0.58997	0.59667	0.61164
0.70384	0.70686	0.71882
0.77990	0.77931	0.78847
0.83840	0.84219	0.84987
0.88364	0.88921	0.89516
0.92443	0.92497	0.92923
0.94482	0.94859	0.95205
0.96496	0.96559	0.96809
0.97526	0.97719	0.97890
0.98496	0.98500	0.98610
0.20822	0.23552	0.29930
0.20822	0.23552	0.29930
0.37457	0.38680	0.43782
0.43314	0.44646	0.49208
0.56019	0.57463	0.60949
0.68482	0.69412	0.71965
0.76034	0.76932	0.79041
0.82920	0.83634	0.85192
0.87484	0.88438	0.89664
0.91648	0.92142	0.92991
0.94231	0.94581	0.95206
0.96117	0.96310	0.96767
0.97371	0.97516	0.97834
0.98285	0.98352	0.98564
0.30952	0.32240	0.43320
0.37855	0.38872	0.48708
0.51888	0.53107	0.60604
0.65545	0.66774	0.71922
0.74050	0.75135	0.79157
0.80960	0.82380	0.85354
0.86661	0.87731	0.89781
0.90736	0.91559	0.93030
0.93425	0.94123	0.95181
0.95542	0.95955	0.96704
0.97090	0.97239	0.97763
0.98113	0.98149	0.98515
0.21447	0.23049	0.42678
0.28403	0.28234	0.48110
0.45028	0.44286	0.60372
0.60077	0.60868	0.72098
0.70739	0.72026	0.79468
0.78756	0.80487	0.85645
0.84765	0.86449	0.89974
0.89512	0.90779	0.93117
0.92481	0.93538	0.95200
0.94793	0.95512	0.96692
0.96672	0.96916	0.97752
0.97807	0.97922	0.98527
0.31005	0.27228	0.60171
0.51441	0.48011	0.72168
0.64255	0.63744	0.79653
0.74160	0.75763	0.85847
0.81864	0.83894	0.90135
0.87141	0.89119	0.93225
0.90976	0.92573	0.95270
0.93563	0.94853	0.96738
0.95944	0.96481	0.97791
0.97315	0.97619	0.98569
0.64947	0.61362	0.85957
0.74542	0.75558	0.90141
0.83068	0.85408	0.93156
0.87778	0.90192	0.95170
0.91360	0.93327	0.96643
0.30398	0.30670	0.31183
0.30398	0.30670	0.31183
0.44645	0.45235	0.45514
0.50024	0.50640	0.50864
0.61730	0.61998	0.62171
0.72552	0.72518	0.72647
0.79441	0.79288	0.79405
0.85035	0.85250	0.85350
0.89302	0.89653	0.89738
0.93029	0.92987	0.93051
0.95000	0.95225	0.95283
0.96597	0.96817	0.96865
0.97657	0.97911	0.97945
0.98545	0.98653	0.98674
0.99143	0.99135	0.99149
0.28409	0.29075	0.30473
0.28409	0.29075	0.30473
0.43018	0.43612	0.44443
0.48383	0.49032	0.49762
0.60412	0.60601	0.61164
0.71308	0.71407	0.71882
0.78829	0.78453	0.78847
0.84592	0.84658	0.84987
0.89116	0.89273	0.89516
0.92396	0.92715	0.92923
0.94788	0.95036	0.95205
0.96448	0.96680	0.96809
0.97646	0.97804	0.97890
0.98507	0.98555	0.98610
0.25446	0.26851	0.29930
0.25446	0.26851	0.29930
0.40534	0.41559	0.43782
0.46324	0.47308	0.49208
0.58903	0.59489	0.60949
0.70308	0.70857	0.71965
0.77905	0.78169	0.79041
0.84083	0.84505	0.85192
0.88824	0.89130	0.89664
0.92400	0.92577	0.92991
0.94461	0.94875	0.95206
0.96348	0.96525	0.96767
0.97603	0.97671	0.97834
0.98379	0.98454	0.98564
0.21444	0.23987	0.29841
0.21444	0.23987	0.29841
0.38036	0.38966	0.43320
0.43622	0.44624	0.48708
0.56319	0.57492	0.60604
0.68863	0.69675	0.71922
0.76789	0.77437	0.79157
0.83403	0.84067	0.85354
0.87833	0.88736	0.89781
0.91817	0.92302	0.93030
0.94135	0.94626	0.95181
0.96111	0.96306	0.96704
0.97404	0.97489	0.97763
0.98292	0.98319	0.98515
0.33322	0.34162	0.42678
0.40077	0.40570	0.48110
0.53502	0.54353	0.60372
0.67002	0.67966	0.72098
0.74890	0.76234	0.79468
0.82166	0.83414	0.85645
0.87470	0.88450	0.89974
0.91229	0.91960	0.93117
0.93457	0.94337	0.95200
0.95740	0.96096	0.96692
0.97288	0.97317	0.97752
0.98250	0.98208	0.98527
0.25888	0.26932	0.42313
0.33150	0.32967	0.47732
0.48688	0.48590	0.60171
0.63385	0.64333	0.72168
0.72913	0.74143	0.79653
0.80401	0.82061	0.85847
0.86036	0.87575	0.90135
0.90234	0.91427	0.93225
0.93276	0.94001	0.95270
0.95211	0.95843	0.96738
0.96892	0.97146	0.97791
0.97980	0.98086	0.98569
0.22469	0.23188	0.47619
0.40649	0.38073	0.60187
0.58028	0.57653	0.72357
0.68773	0.69961	0.79851
0.77865	0.79890	0.85957
0.84075	0.86044	0.90141
0.88940	0.90450	0.93156
0.92294	0.93278	0.95170
0.94664	0.95318	0.96643
0.96483	0.96748	0.97726
0.97729	0.97813	0.98552
0.48879	0.42578	0.72729
0.62091	0.60370	0.80119
0.73254	0.74797	0.86140
0.80969	0.83313	0.90280
0.86773	0.88846	0.93271
0.90372	0.92271	0.95267
0.93389	0.94671	0.96721
0.95628	0.96301	0.97783
0.97113	0.97504	0.98583
0.63205	0.57245	0.86283
0.74516	0.75343	0.90277
0.82263	0.84890	0.93184
0.87282	0.89826	0.95174
0.91516	0.93211	0.96679
0.30937	0.30952	0.31183
0.30937	0.30952	0.31183
0.44972	0.45418	0.45514
0.50412	0.50780	0.50864
0.61838	0.62111	0.62171
0.72658	0.72604	0.72647
0.79321	0.79363	0.79405
0.85588	0.85314	0.85350
0.89666	0.89707	0.89738
0.93135	0.93021	0.93051
0.95123	0.95260	0.95283
0.96735	0.96844	0.96865
0.97774	0.97929	0.97945
0.98671	0.98664	0.98674
0.99043	0.99142	0.99149
0.29791	0.29845	0.30473
0.29791	0.29845	0.30473
0.43766	0.44101	0.44443
0.49124	0.49471	0.49762
0.60896	0.60945	0.61164
0.71949	0.71708	0.71882
0.79064	0.78675	0.78847
0.84874	0.84851	0.84987
0.89341	0.89408	0.89516
0.92930	0.92833	0.92923
0.94810	0.95123	0.95205
0.96665	0.96746	0.96809
0.97629	0.97846	0.97890
0.98521	0.98581	0.98610
0.27847	0.28410	0.29930
0.27847	0.28410	0.29930
0.42141	0.42864	0.43782
0.47692	0.48362	0.49208
0.59901	0.60337	0.60949
0.71263	0.71495	0.71965
0.78692	0.78635	0.79041
0.84515	0.84868	0.85192
0.89176	0.89407	0.89664
0.92509	0.92783	0.92991
0.94537	0.95031	0.95206
0.96389	0.96636	0.96767
0.97707	0.97743	0.97834
0.98590	0.98504	0.98564
0.25252	0.26813	0.29841
0.25252	0.26813	0.29841
0.40250	0.41251	0.43320
0.46243	0.46895	0.48708
0.58969	0.59268	0.60604
0.70498	0.70893	0.71922
0.78129	0.78337	0.79157
0.84314	0.84698	0.85354
0.88823	0.89288	0.89781
0.92377	0.92654	0.93030
0.94638	0.94887	0.95181
0.96429	0.96487	0.96704
0.97781	0.97610	0.97763
0.98337	0.98406	0.98515
0.21535	0.24279	0.29608
0.21535	0.24279	0.29608
0.38175	0.38742	0.42678
0.44250	0.44629	0.48110
0.57409	0.57707	0.60372
0.69790	0.70212	0.72098
0.77107	0.77966	0.79468
0.83658	0.84494	0.85645
0.88264	0.89130	0.89974
0.92026	0.92496	0.93117
0.94297	0.94742	0.95200
0.96275	0.96355	0.96692
0.97686	0.97507	0.97752
0.98456	0.98351	0.98527
0.34374	0.35119	0.42313
0.40685	0.41147	0.47732
0.54575	0.55104	0.60171
0.67825	0.68664	0.72168
0.75827	0.77058	0.79653
0.82744	0.84022	0.85847
0.87759	0.88818	0.90135
0.91986	0.92315	0.93225
0.94119	0.94585	0.95270
0.95902	0.96229	0.96738
0.97372	0.97431	0.97791
0.98305	0.98302	0.98569
0.29105	0.29893	0.42228
0.35790	0.35994	0.47619
0.51578	0.51591	0.60187
0.65224	0.66288	0.72357
0.74091	0.75632	0.79851
0.81314	0.83010	0.85957
0.87025	0.88245	0.90141
0.91073	0.91805	0.93156
0.93530	0.94192	0.95170
0.95561	0.95926	0.96643
0.97264	0.97195	0.97726
0.98161	0.98143	0.98552
0.21260	0.22839	0.42054
0.28845	0.28034	0.47681
0.45831	0.44562	0.60579
0.61948	0.62674	0.72729
0.71664	0.73427	0.80119
0.80164	0.81914	0.86140
0.85613	0.87308	0.90280
0.90114	0.91353	0.93271
0.93114	0.93848	0.95267
0.95095	0.95703	0.96721
0.96824	0.97040	0.97783
0.98058	0.98040	0.98583
0.36567	0.32053	0.60433
0.56245	0.54403	0.72976
0.67215	0.68193	0.80398
0.76804	0.78964	0.86283
0.83656	0.85761	0.90277
0.88941	0.90332	0.93184
0.92060	0.93140	0.95174
0.94381	0.95132	0.96679
0.96422	0.96666	0.97829
0.97555	0.97859	0.98740
0.45801	0.38054	0.73029
0.60238	0.57479	0.80330
0.72449	0.73570	0.86312
0.80990	0.83060	0.90450
0.86695	0.88793	0.93446
0.90484	0.92313	0.95443
0.93362	0.94718	0.96892
0.61468	0.53197	0.86886
0.74767	0.75611	0.90647
0.82888	0.85611	0.93389
0.87319	0.90192	0.95300
0.85262	0.87954	0.96628
0.90136	0.92374	0.97709
0.45488	0.45394	0.71648
0.58820	0.60137	0.78607
0.70459	0.72887	0.84744
0.78482	0.81331	0.89281
0.85262	0.87590	0.92708
0.89831	0.91643	0.95018
0.93093	0.94458	0.96657
0.95427	0.96357	0.97777
0.97090	0.97614	0.98538
0.97985	0.98442	0.99035
0.84852	0.87493	0.96585
0.32540	0.35046	0.44073
0.38574	0.41159	0.49451
0.52198	0.54602	0.60919
0.65157	0.67073	0.71648
0.73657	0.75039	0.78607
0.81132	0.82148	0.84744
0.86484	0.87358	0.89281
0.90614	0.91393	0.92708
0.93272	0.94101	0.95018
0.95608	0.96052	0.96657
0.97084	0.97366	0.97777
0.98235	0.98257	0.98538
0.98774	0.98849	0.99035
0.23025	0.23791	0.48194
0.38303	0.38446	0.59937
0.55558	0.56774	0.71151
0.66205	0.68002	0.78415
0.76039	0.77761	0.84736
0.82755	0.84575	0.89321
0.87861	0.89525	0.92722
0.91460	0.92850	0.94986
0.94510	0.95172	0.96585
0.96000	0.96722	0.97685
0.97572	0.97795	0.98448
0.48675	0.42119	0.78374
0.63649	0.61958	0.84796
0.74376	0.75624	0.89445
0.82539	0.84508	0.92878
0.87730	0.89930	0.95145
0.91705	0.93474	0.96727
0.94346	0.95725	0.97795
0.96146	0.97172	0.98515
0.24152	0.26103	0.29831
0.24152	0.26103	0.29831
0.40208	0.41460	0.44073
0.45391	0.47003	0.49451
0.58138	0.59028	0.60919
0.69643	0.70221	0.71648
0.77080	0.77405	0.78607
0.83281	0.83824	0.84744
0.88171	0.88594	0.89281
0.91987	0.92232	0.92708
0.94356	0.94682	0.95018
0.96102	0.96427	0.96657
0.97453	0.97622	0.97777
0.98412	0.98428	0.98538
0.98949	0.98958	0.99035
0.33595	0.35360	0.42834
0.39332	0.41165	0.48194
0.53217	0.54617	0.59937
0.65756	0.67151	0.71151
0.74256	0.75280	0.78415
0.81521	0.82458	0.84736
0.86927	0.87679	0.89321
0.91110	0.91614	0.92722
0.93503	0.94190	0.94986
0.95839	0.96050	0.96585
0.97151	0.97314	0.97685
0.98264	0.98184	0.98448
0.98716	0.98778	0.98968
0.22649	0.24056	0.42335
0.29323	0.29937	0.47726
0.44886	0.45772	0.59606
0.59862	0.61313	0.70991
0.69604	0.71133	0.78374
0.78103	0.79696	0.84796
0.84517	0.86004	0.89445
0.89415	0.90588	0.92878
0.92452	0.93561	0.95145
0.94684	0.95665	0.96727
0.96559	0.97092	0.97795
0.97752	0.98040	0.98515
0.28740	0.25492	0.59326
0.48611	0.45891	0.70815
0.61818	0.61464	0.78268
0.72185	0.73373	0.84745
0.80353	0.82157	0.89425
0.87164	0.88430	0.92874
0.90550	0.92118	0.95146
0.93499	0.94741	0.96726
0.95585	0.96504	0.97790
0.97328	0.97668	0.98505
0.70645	0.70048	0.89675
0.80510	0.82384	0.92992
0.86338	0.88734	0.95164
0.90648	0.92745	0.96684
0.91548	0.94128	0.98554
0.27511	0.28334	0.29831
0.27511	0.28334	0.29831
0.42330	0.43138	0.44073
0.48068	0.48639	0.49451
0.59834	0.60266	0.60919
0.71035	0.71094	0.71648
0.78510	0.78168	0.78607
0.84502	0.84397	0.84744
0.89051	0.89013	0.89281
0.92485	0.92528	0.92708
0.94892	0.94889	0.95018
0.96376	0.96567	0.96657
0.97587	0.97717	0.97777
0.98530	0.98492	0.98538
0.99265	0.99001	0.99035
0.23312	0.25263	0.29131
0.23312	0.25263	0.29131
0.39154	0.40153	0.42834
0.44765	0.45753	0.48194
0.57198	0.57977	0.59937
0.69336	0.69704	0.71151
0.76569	0.77182	0.78415
0.83582	0.83856	0.84736
0.88050	0.88660	0.89321
0.91918	0.92253	0.92722
0.94415	0.94650	0.94986
0.96095	0.96348	0.96585
0.97525	0.97522	0.97685
0.98345	0.98325	0.98448
0.98951	0.98876	0.98968
0.17645	0.20750	0.28750
0.17645	0.20750	0.28750
0.34335	0.35713	0.42335
0.40261	0.41617	0.47726
0.53616	0.54994	0.59606
0.66342	0.67482	0.70991
0.74841	0.75701	0.78374
0.81976	0.82870	0.84796
0.87249	0.88066	0.89445
0.91560	0.91928	0.92878
0.93801	0.94463	0.95145
0.95849	0.96270	0.96727
0.97295	0.97475	0.97795
0.98217	0.98292	0.98515
0.26333	0.27407	0.41977
0.33378	0.33990	0.47374
0.48443	0.49392	0.59326
0.62689	0.63831	0.70815
0.71515	0.72873	0.78268
0.79848	0.80969	0.84745
0.85685	0.86757	0.89425
0.90328	0.91087	0.92874
0.93331	0.93949	0.95146
0.95233	0.95902	0.96726
0.96927	0.97233	0.97790
0.98030	0.98123	0.98505
0.21001	0.21466	0.47098
0.37820	0.35577	0.59302
0.56220	0.56228	0.71092
0.66898	0.68002	0.78654
0.76488	0.78059	0.85105
0.83214	0.85073	0.89675
0.88715	0.90057	0.92992
0.91950	0.93168	0.95164
0.94586	0.95374	0.96684
0.96338	0.96829	0.97729
0.97630	0.97836	0.98460
0.41584	0.33802	0.71409
0.57625	0.54575	0.79057
0.70323	0.70891	0.85456
0.79201	0.81350	0.89921
0.85783	0.87814	0.93142
0.90037	0.91830	0.95256
0.92991	0.94507	0.96752
0.95385	0.96316	0.97801
0.96930	0.97515	0.98554
0.68147	0.64629	0.90075
0.78927	0.80746	0.93205
0.85670	0.88286	0.95250
0.89799	0.92311	0.96698
0.93377	0.95065	0.97719
0.95626	0.96701	0.98460
0.91296	0.93896	0.98581
0.29046	0.29203	0.29831
0.29046	0.29203	0.29831
0.43151	0.43721	0.44073
0.48744	0.49166	0.49451
0.60533	0.60698	0.60919
0.71689	0.71467	0.71648
0.78852	0.78449	0.78607
0.84974	0.84620	0.84744
0.89380	0.89178	0.89281
0.92753	0.92641	0.92708
0.94752	0.94966	0.95018
0.96543	0.96623	0.96657
0.97674	0.97753	0.97777
0.98447	0.98519	0.98538
0.99064	0.99020	0.99035
0.26531	0.27396	0.29131
0.26531	0.27396	0.29131
0.41152	0.41738	0.42834
0.46810	0.47263	0.48194
0.59070	0.59187	0.59937
0.70461	0.70537	0.71151
0.77681	0.77896	0.78415
0.84670	0.84342	0.84736
0.88900	0.89013	0.89321
0.92446	0.92509	0.92722
0.94735	0.94834	0.94986
0.96279	0.96479	0.96585
0.97735	0.97609	0.97685
0.98358	0.98388	0.98448
0.23003	0.24829	0.28750
0.23003	0.24829	0.28750
0.38490	0.39514	0.42335
0.44444	0.45319	0.47726
0.57357	0.57836	0.59606
0.69093	0.69544	0.70991
0.76844	0.77215	0.78374
0.83607	0.83916	0.84796
0.88378	0.88785	0.89445
0.92185	0.92414	0.92878
0.94506	0.94817	0.95145
0.96152	0.96498	0.96727
0.97346	0.97637	0.97795
0.98332	0.98401	0.98515
0.18039	0.21108	0.28527
0.18039	0.21108	0.28527
0.34967	0.36125	0.41977
0.41004	0.42129	0.47374
0.54355	0.55328	0.59326
0.67140	0.67880	0.70815
0.75789	0.76057	0.78268
0.82841	0.83097	0.84745
0.87744	0.88252	0.89425
0.91880	0.92069	0.92874
0.94121	0.94553	0.95146
0.95853	0.96320	0.96726
0.97357	0.97514	0.97790
0.98278	0.98304	0.98505
0.28408	0.29482	0.41667
0.35673	0.36305	0.47098
0.50082	0.51209	0.59302
0.64458	0.65519	0.71092
0.73539	0.74671	0.78654
0.81140	0.82204	0.85105
0.86783	0.87644	0.89675
0.91046	0.91675	0.92992
0.93640	0.94225	0.95164
0.95546	0.96042	0.96684
0.96943	0.97275	0.97729
0.98150	0.98138	0.98460
0.19955	0.21392	0.41134
0.27110	0.26513	0.46658
0.43936	0.43108	0.59263
0.60068	0.60756	0.71409
0.70379	0.71668	0.79057
0.78695	0.80584	0.85456
0.84709	0.86552	0.89921
0.89632	0.91000	0.93142
0.92793	0.93829	0.95256
0.94908	0.95740	0.96752
0.96688	0.97106	0.97801
0.97947	0.98055	0.98554
0.31891	0.27452	0.59124
0.52862	0.50008	0.71562
0.64381	0.64873	0.79307
0.74916	0.76755	0.85689
0.82486	0.84637	0.90075
0.87850	0.89731	0.93205
0.91924	0.93080	0.95250
0.94149	0.95207	0.96698
0.96206	0.96710	0.97719
0.97422	0.97734	0.98460
0.54842	0.48362	0.79333
0.67724	0.66936	0.85690
0.77894	0.79666	0.90087
0.85082	0.87324	0.93245
0.89525	0.91516	0.95318
0.92856	0.94371	0.96791
0.77311	0.78621	0.93259
0.85285	0.87749	0.95298
0.29452	0.29537	0.29831
0.29452	0.29537	0.29831
0.43455	0.43946	0.44073
0.48958	0.49348	0.49451
0.60949	0.60837	0.60919
0.71948	0.71585	0.71648
0.78728	0.78553	0.78607
0.85036	0.84694	0.84744
0.89377	0.89244	0.89281
0.93023	0.92678	0.92708
0.94555	0.94996	0.95018
0.96338	0.96643	0.96657
0.97607	0.97768	0.97777
0.98559	0.98530	0.98538
0.99041	0.99029	0.99035
0.27869	0.28268	0.29131
0.27869	0.28268	0.29131
0.41908	0.42352	0.42834
0.47622	0.47800	0.48194
0.59491	0.59623	0.59937
0.70985	0.70914	0.71151
0.78589	0.78226	0.78415
0.84773	0.84571	0.84736
0.89425	0.89189	0.89321
0.92676	0.92627	0.92722
0.94612	0.94912	0.94986
0.96473	0.96534	0.96585
0.97765	0.97649	0.97685
0.98608	0.98421	0.98448
0.25934	0.26795	0.28750
0.25934	0.26795	0.28750
0.40420	0.41130	0.42335
0.45783	0.46597	0.47726
0.58464	0.58808	0.59606
0.70552	0.70386	0.70991
0.77856	0.77856	0.78374
0.84137	0.84393	0.84796
0.88988	0.89140	0.89445
0.92420	0.92657	0.92878
0.94548	0.94979	0.95145
0.96406	0.96614	0.96727
0.97650	0.97716	0.97795
0.98429	0.98454	0.98515
0.22818	0.24648	0.28527
0.22818	0.24648	0.28527
0.38288	0.39314	0.41977
0.44176	0.45024	0.47374
0.57025	0.57514	0.59326
0.69591	0.69516	0.70815
0.77111	0.77173	0.78268
0.83407	0.83902	0.84745
0.88640	0.88820	0.89425
0.92161	0.92446	0.92874
0.94606	0.94841	0.95146
0.96311	0.96511	0.96726
0.97428	0.97638	0.97790
0.98309	0.98394	0.98505
0.18168	0.21246	0.28398
0.18168	0.21246	0.28398
0.35199	0.36288	0.41667
0.41470	0.42398	0.47098
0.55137	0.55819	0.59302
0.67969	0.68546	0.71092
0.76082	0.76656	0.78654
0.83137	0.83664	0.85105
0.87822	0.88614	0.89675
0.91858	0.92257	0.92992
0.94347	0.94677	0.95164
0.96188	0.96336	0.96684
0.97345	0.97490	0.97729
0.98359	0.98277	0.98460
0.30541	0.31204	0.41134
0.36923	0.37296	0.46658
0.52215	0.52818	0.59263
0.65823	0.66873	0.71409
0.74800	0.75849	0.79057
0.82343	0.83260	0.85456
0.87181	0.88305	0.89921
0.91229	0.92045	0.93142
0.93923	0.94504	0.95256
0.95752	0.96223	0.96752
0.97172	0.97420	0.97801
0.98116	0.98267	0.98554
0.23310	0.24007	0.40717
0.31190	0.30512	0.46270
0.47417	0.46997	0.59124
0.62753	0.63573	0.71562
0.72168	0.73640	0.79307
0.80325	0.81971	0.85689
0.86747	0.87783	0.90075
0.90566	0.91607	0.93205
0.93392	0.94165	0.95250
0.95366	0.95943	0.96698
0.97079	0.97196	0.97719
0.98121	0.98066	0.98460
0.21156	0.21328	0.46438
0.40877	0.37793	0.59301
0.57671	0.57460	0.71650
0.69047	0.70163	0.79333
0.77862	0.79724	0.85690
0.84748	0.86419	0.90087
0.89145	0.90687	0.93245
0.92622	0.93662	0.95318
0.94973	0.95664	0.96791
0.96362	0.97033	0.97829
0.97760	0.98024	0.98581
0.48822	0.43091	0.71801
0.63464	0.62206	0.79550
0.74049	0.75682	0.85860
0.81861	0.83958	0.90172
0.87646	0.89421	0.93259
0.91384	0.92806	0.95298
0.94160	0.95143	0.96765
0.96099	0.96675	0.97820
0.50803	0.41028	0.79714
0.66229	0.64067	0.85984
0.76642	0.78296	0.90280
0.84946	0.87053	0.93348
0.89492	0.91441	0.95357
0.78272	0.79318	0.93119
0.85093	0.87576	0.95176
0.17859	0.20314	0.37033
0.24178	0.26959	0.40746
0.37541	0.40336	0.49440
0.51586	0.53715	0.59571
0.61880	0.63897	0.67741
0.71301	0.73097	0.76136
0.78621	0.80432	0.82963
0.85148	0.86490	0.88347
0.89272	0.90637	0.92023
0.92695	0.93670	0.94630
0.95221	0.95766	0.96413
0.96845	0.97191	0.97634
0.24623	0.28190	0.47896
0.35467	0.36977	0.57891
0.50456	0.52561	0.66202
0.62803	0.65396	0.74909
0.71700	0.74438	0.82024
0.79478	0.81860	0.87614
0.85078	0.87172	0.91423
0.89577	0.91104	0.94147
0.17718	0.20784	0.27087
0.17718	0.20784	0.27087
0.31321	0.33112	0.37033
0.36150	0.37630	0.40746
0.46307	0.47408	0.49440
0.57484	0.58329	0.59571
0.66519	0.66875	0.67741
0.74996	0.75333	0.76136
0.81869	0.82305	0.82963
0.87343	0.87848	0.88347
0.91211	0.91676	0.92023
0.93991	0.94400	0.94630
0.96082	0.96254	0.96413
0.97437	0.97525	0.97634
0.21634	0.23649	0.35957
0.28780	0.31449	0.39522
0.41547	0.44127	0.47896
0.53117	0.54200	0.57891
0.63108	0.63896	0.66202
0.72189	0.73018	0.74909
0.79524	0.80481	0.82024
0.85836	0.86482	0.87614
0.89942	0.90617	0.91423
0.93071	0.93579	0.94147
0.95376	0.95651	0.96054
0.97050	0.97134	0.97416
0.35267	0.39410	0.46980
0.47385	0.49477	0.56966
0.57914	0.59439	0.65485
0.68692	0.70277	0.74466
0.76653	0.78366	0.81746
0.83420	0.84829	0.87392
0.88182	0.89396	0.91207
0.91836	0.92633	0.93941
0.30248	0.30288	0.56185
0.45700	0.46029	0.64962
0.61260	0.62749	0.74248
0.70629	0.72764	0.81659
0.78624	0.80644	0.87301
0.84134	0.86133	0.91078
0.88996	0.90309	0.93797
0.23506	0.24959	0.27087
0.23506	0.24959	0.27087
0.35212	0.35908	0.37033
0.39417	0.39901	0.40746
0.48406	0.48884	0.49440
0.58762	0.59225	0.59571
0.67692	0.67509	0.67741
0.75997	0.75901	0.76136
0.82719	0.82768	0.82963
0.88222	0.88199	0.88347
0.91574	0.91920	0.92023
0.94336	0.94560	0.94630
0.96295	0.96362	0.96413
0.97605	0.97602	0.97634
0.17516	0.20380	0.26381
0.17516	0.20380	0.26381
0.31323	0.32623	0.35957
0.36096	0.37318	0.39522
0.45751	0.46371	0.47896
0.56311	0.56797	0.57891
0.65670	0.65568	0.66202
0.74377	0.74342	0.74909
0.81203	0.81564	0.82024
0.86948	0.87269	0.87614
0.90875	0.91179	0.91423
0.93797	0.93973	0.94147
0.95867	0.95935	0.96054
0.97341	0.97330	0.97416
0.23945	0.26047	0.35439
0.31032	0.33220	0.38863
0.42291	0.44176	0.46980
0.53820	0.54545	0.56966
0.63481	0.63916	0.65485
0.72727	0.73222	0.74466
0.79947	0.80730	0.81746
0.86138	0.86679	0.87392
0.90218	0.90718	0.91207
0.93276	0.93579	0.93941
0.95505	0.95631	0.95883
0.97076	0.97118	0.97307
0.21821	0.23521	0.38342
0.38921	0.41908	0.46197
0.50298	0.51436	0.56185
0.60630	0.61536	0.64962
0.70697	0.71696	0.74248
0.78405	0.79700	0.81659
0.84854	0.85914	0.87301
0.89228	0.90063	0.91078
0.92641	0.93071	0.93797
0.95091	0.95243	0.95759
0.96783	0.96839	0.97236
0.32287	0.36092	0.45912
0.44876	0.46712	0.55855
0.55441	0.56734	0.64618
0.67382	0.68817	0.73949
0.75384	0.77217	0.81440
0.82643	0.84176	0.87160
0.87525	0.88813	0.90992
0.91407	0.92210	0.93745
0.41765	0.40774	0.64428
0.60167	0.61208	0.73721
0.69595	0.71076	0.81257
0.77875	0.79495	0.87057
0.83870	0.85389	0.90949
0.25830	0.26354	0.27087
0.25830	0.26354	0.27087
0.36421	0.36665	0.37033
0.40402	0.40480	0.40746
0.49072	0.49290	0.49440
0.59268	0.59493	0.59571
0.67967	0.67679	0.67741
0.76430	0.76071	0.76136
0.82920	0.82897	0.82963
0.88258	0.88302	0.88347
0.91811	0.91991	0.92023
0.94464	0.94609	0.94630
0.96388	0.96398	0.96413
0.97643	0.97623	0.97634
0.22625	0.24100	0.26381
0.22625	0.24100	0.26381
0.34327	0.34761	0.35957
0.38224	0.38727	0.39522
0.47336	0.47401	0.47896
0.57354	0.57569	0.57891
0.66276	0.65989	0.66202
0.75039	0.74723	0.74909
0.81797	0.81860	0.82024
0.87593	0.87499	0.87614
0.91187	0.91346	0.91423
0.93930	0.94087	0.94147
0.96032	0.96015	0.96054
0.97465	0.97388	0.97416
0.17630	0.20298	0.26143
0.17630	0.20298	0.26143
0.31142	0.32404	0.35439
0.35860	0.36919	0.38863
0.45010	0.45893	0.46980
0.55629	0.55995	0.56966
0.65012	0.64946	0.65485
0.73968	0.74049	0.74466
0.81103	0.81412	0.81746
0.86993	0.87145	0.87392
0.90772	0.91033	0.91207
0.93685	0.93817	0.93941
0.95841	0.95794	0.95883
0.97284	0.97242	0.97307
0.25775	0.27682	0.35043
0.32237	0.34080	0.38342
0.43124	0.44734	0.46197
0.54104	0.54489	0.56185
0.63783	0.63864	0.64962
0.73111	0.73386	0.74248
0.80284	0.80974	0.81659
0.86277	0.86817	0.87301
0.90318	0.90730	0.91078
0.93405	0.93547	0.93797
0.95610	0.95580	0.95759
0.97196	0.97106	0.97236
0.25821	0.27863	0.38065
0.40858	0.43147	0.45912
0.51929	0.52710	0.55855
0.61692	0.62277	0.64618
0.71630	0.72302	0.73949
0.79244	0.80190	0.81440
0.85530	0.86235	0.87160
0.89736	0.90326	0.90992
0.92986	0.93275	0.93745
0.95307	0.95386	0.95727
0.96991	0.96962	0.97213
0.36995	0.40194	0.45838
0.48980	0.50562	0.55744
0.58581	0.59839	0.64428
0.69973	0.70871	0.73721
0.77630	0.78866	0.81257
0.84330	0.85358	0.87057
0.88803	0.89705	0.90949
0.92285	0.92841	0.93733
0.29142	0.32418	0.45690
0.42229	0.44150	0.55607
0.53368	0.54807	0.64323
0.66599	0.68016	0.73639
0.75041	0.76702	0.81173
0.82214	0.83643	0.86970
0.87152	0.88412	0.90874
0.38947	0.36082	0.64243
0.60144	0.60875	0.73551
0.69189	0.70386	0.81099
0.77404	0.78844	0.86923
0.83648	0.85023	0.90852
0.26703	0.26801	0.27087
0.26703	0.26801	0.27087
0.36886	0.36912	0.37033
0.40577	0.40666	0.40746
0.49235	0.49387	0.49440
0.59344	0.59548	0.59571
0.68082	0.67726	0.67741
0.76319	0.76120	0.76136
0.83108	0.82943	0.82963
0.88443	0.88336	0.88347
0.91900	0.92012	0.92023
0.94472	0.94623	0.94630
0.96386	0.96408	0.96413
0.97612	0.97630	0.97634
0.24751	0.25424	0.26381
0.24751	0.25424	0.26381
0.35474	0.35533	0.35957
0.39066	0.39257	0.39522
0.47787	0.47712	0.47896
0.57682	0.57783	0.57891
0.66539	0.66142	0.66202
0.75203	0.74843	0.74909
0.82084	0.81968	0.82024
0.87647	0.87577	0.87614
0.91260	0.91394	0.91423
0.94004	0.94128	0.94147
0.96085	0.96041	0.96054
0.97482	0.97407	0.97416
0.22035	0.23699	0.26143
0.22035	0.23699	0.26143
0.33810	0.34275	0.35439
0.37625	0.38132	0.38863
0.46229	0.46534	0.46980
0.56423	0.56621	0.56966
0.65559	0.65302	0.65485
0.74633	0.74322	0.74466
0.81439	0.81631	0.81746
0.87201	0.87303	0.87392
0.90912	0.91143	0.91207
0.93808	0.93894	0.93941
0.95868	0.95851	0.95883
0.97330	0.97284	0.97307
0.17836	0.20292	0.25933
0.17836	0.20292	0.25933
0.31312	0.32351	0.35043
0.35895	0.36728	0.38342
0.44545	0.45609	0.46197
0.55494	0.55492	0.56185
0.64819	0.64574	0.64962
0.73946	0.73942	0.74248
0.81042	0.81414	0.81659
0.86847	0.87128	0.87301
0.90785	0.90952	0.91078
0.93717	0.93708	0.93797
0.95806	0.95691	0.95759
0.97318	0.97187	0.97236
0.26974	0.28552	0.34760
0.33280	0.34697	0.38065
0.43207	0.44728	0.45912
0.54457	0.54725	0.55855
0.63855	0.63785	0.64618
0.73210	0.73337	0.73949
0.80437	0.80951	0.81440
0.86500	0.86820	0.87160
0.90346	0.90736	0.90992
0.93488	0.93565	0.93745
0.95691	0.95601	0.95727
0.97208	0.97118	0.97213
0.19953	0.21035	0.34616
0.28710	0.30754	0.37943
0.41699	0.43717	0.45838
0.52697	0.53493	0.55744
0.62552	0.62902	0.64428
0.72380	0.72644	0.73721
0.79681	0.80355	0.81257
0.85870	0.86419	0.87057
0.89906	0.90466	0.90949
0.93091	0.93409	0.93733
0.95481	0.95479	0.95716
0.97050	0.97017	0.97184
0.20855	0.21924	0.37840
0.39193	0.41853	0.45690
0.51045	0.52248	0.55607
0.60188	0.61299	0.64323
0.71110	0.71754	0.73639
0.78591	0.79629	0.81173
0.85041	0.85831	0.86970
0.89323	0.90051	0.90874
0.92686	0.93105	0.93689
0.95096	0.95280	0.95719
0.35178	0.38524	0.45583
0.47712	0.49354	0.55532
0.57412	0.58807	0.64243
0.69237	0.70262	0.73551
0.77151	0.78483	0.81099
0.83835	0.84952	0.86923
0.88440	0.89398	0.90852
0.40242	0.41756	0.55451
0.51898	0.53212	0.64136
0.66066	0.67406	0.73463
0.74286	0.75978	0.81038
0.81803	0.83225	0.86878
0.87015	0.88230	0.90816
0.26374	0.28722	0.45576
0.59990	0.60689	0.73500
0.69483	0.70467	0.81024
0.77335	0.78515	0.86865
0.83290	0.84544	0.90825
0.26949	0.26972	0.27087
0.26949	0.26972	0.27087
0.37074	0.36998	0.37033
0.40662	0.40720	0.40746
0.49282	0.49427	0.49440
0.59340	0.59567	0.59571
0.68135	0.67736	0.67741
0.76516	0.76130	0.76136
0.82957	0.82955	0.82963
0.88418	0.88344	0.88347
0.91884	0.92019	0.92023
0.94526	0.94628	0.94630
0.96393	0.96411	0.96413
0.97654	0.97633	0.97634
0.25700	0.25967	0.26381
0.25700	0.25967	0.26381
0.35932	0.35799	0.35957
0.39144	0.39416	0.39522
0.47703	0.47836	0.47896
0.57584	0.57856	0.57891
0.66615	0.66186	0.66202
0.75236	0.74890	0.74909
0.82128	0.82008	0.82024
0.87766	0.87603	0.87614
0.91309	0.91415	0.91423
0.94055	0.94141	0.94147
0.96056	0.96050	0.96054
0.97490	0.97413	0.97416
0.24184	0.25057	0.26143
0.24184	0.25057	0.26143
0.34793	0.34946	0.35439
0.38427	0.38583	0.38863
0.46371	0.46793	0.46980
0.56657	0.56847	0.56966
0.65931	0.65426	0.65485
0.74550	0.74411	0.74466
0.81519	0.81692	0.81746
0.87317	0.87359	0.87392
0.91052	0.91184	0.91207
0.93930	0.93926	0.93941
0.95952	0.95871	0.95883
0.97351	0.97298	0.97307
0.21677	0.23326	0.25933
0.21677	0.23326	0.25933
0.33459	0.33868	0.35043
0.37359	0.37669	0.38342
0.45097	0.45947	0.46197
0.56103	0.55920	0.56185
0.65102	0.64799	0.64962
0.74274	0.74130	0.74248
0.81293	0.81572	0.81659
0.87032	0.87231	0.87301
0.90908	0.91031	0.91078
0.93813	0.93763	0.93797
0.95871	0.95734	0.95759
0.97346	0.97217	0.97236
0.17651	0.20061	0.25679
0.17651	0.20061	0.25679
0.31328	0.32277	0.34760
0.36087	0.36696	0.38065
0.44353	0.45405	0.45912
0.55288	0.55306	0.55855
0.64579	0.64287	0.64618
0.73889	0.73702	0.73949
0.80955	0.81254	0.81440
0.86834	0.87021	0.87160
0.90692	0.90891	0.90992
0.93663	0.93677	0.93745
0.95829	0.95675	0.95727
0.97300	0.97176	0.97213
0.27990	0.29391	0.34616
0.33814	0.35093	0.37943
0.43564	0.44892	0.45838
0.54618	0.54881	0.55744
0.63867	0.63820	0.64428
0.73350	0.73261	0.73721
0.80418	0.80863	0.81257
0.86426	0.86780	0.87057
0.90453	0.90757	0.90949
0.93473	0.93599	0.93733
0.95709	0.95617	0.95716
0.97227	0.97116	0.97184
0.22077	0.23436	0.34547
0.29988	0.31982	0.37840
0.42421	0.44047	0.45690
0.53258	0.53821	0.55607
0.62936	0.63202	0.64323
0.72645	0.72822	0.73639
0.80007	0.80552	0.81173
0.86071	0.86492	0.86970
0.90163	0.90548	0.90874
0.93252	0.93454	0.93689
0.95501	0.95544	0.95719
0.24112	0.25644	0.37675
0.40681	0.42805	0.45583
0.51861	0.52873	0.55532
0.61495	0.62197	0.64243
0.71976	0.72269	0.73551
0.79267	0.80061	0.81099
0.85577	0.86144	0.86923
0.89706	0.90285	0.90852
0.92987	0.93291	0.93685
0.95286	0.95415	0.95726
0.38055	0.40905	0.45576
0.50001	0.51346	0.55451
0.59227	0.60484	0.64136
0.70726	0.71393	0.73463
0.78208	0.79256	0.81038
0.84659	0.85561	0.86878
0.89175	0.89891	0.90816
0.33543	0.36950	0.45600
0.46478	0.48334	0.55594
0.56084	0.57857	0.64259
0.68609	0.69832	0.73500
0.76612	0.78020	0.81024
0.83479	0.84649	0.86865
0.88213	0.89264	0.90825
0.38022	0.38970	0.55322
0.50278	0.51331	0.63973
0.65770	0.66897	0.73270
0.74147	0.75626	0.80870
0.81538	0.82931	0.86770
0.86781	0.87943	0.90765
0.22546	0.23010	0.45434
0.59721	0.60224	0.73453
0.69195	0.69957	0.81033
0.77183	0.78123	0.86902
0.83149	0.84286	0.90857
0.35854	0.34107	0.53520
0.52105	0.51547	0.62442
0.62666	0.62691	0.70318
0.71039	0.71596	0.77253
0.83481	0.84247	0.87517
0.72387	0.72085	0.86036
0.63847	0.61469	0.81047
0.17630	0.17089	0.30453
0.29516	0.29231	0.36882
0.41512	0.40608	0.44965
0.51833	0.50632	0.53520
0.61240	0.60275	0.62442
0.69168	0.68624	0.70318
0.76161	0.75930	0.77253
0.82008	0.81907	0.82950
0.86764	0.86705	0.87517
0.90434	0.90410	0.91051
0.22937	0.19937	0.42504
0.40184	0.38665	0.50833
0.53351	0.52074	0.59727
0.62932	0.62183	0.67756
0.70837	0.70655	0.74979
0.50439	0.46945	0.66195
0.62151	0.60690	0.73584
0.70734	0.70374	0.79877
0.77352	0.77741	0.85113
0.08051	0.07879	0.18043
0.16746	0.16974	0.23499
0.27886	0.27424	0.30453
0.36155	0.34971	0.36882
0.45510	0.43765	0.44965
0.54582	0.52711	0.53520
0.63321	0.61811	0.62442
0.70811	0.69826	0.70318
0.77394	0.76849	0.77253
0.83040	0.82642	0.82950
0.87570	0.87259	0.87517
0.91088	0.90839	0.91051
0.15977	0.14878	0.28811
0.27670	0.26980	0.34815
0.39221	0.38006	0.42504
0.49737	0.47950	0.50833
0.59294	0.57566	0.59727
0.66836	0.65977	0.67756
0.74097	0.73604	0.74979
0.26321	0.23798	0.41133
0.41762	0.40072	0.49279
0.53610	0.52121	0.58102
0.62759	0.61694	0.66195
0.70579	0.70020	0.73584
0.43252	0.39672	0.56964
0.55885	0.53838	0.65044
0.65452	0.64285	0.72537
0.72915	0.72464	0.78997
0.79100	0.79158	0.84411
0.54324	0.48817	0.71794
0.72678	0.72057	0.83918
0.65203	0.62847	0.78372
0.54324	0.48817	0.71794
0.09900	0.10259	0.15851
0.13419	0.13774	0.18043
0.21844	0.21528	0.23499
0.30647	0.29487	0.30453
0.37931	0.36278	0.36882
0.46690	0.44607	0.44965
0.55357	0.53266	0.53520
0.64031	0.62247	0.62442
0.71298	0.70158	0.70318
0.77726	0.77127	0.77253
0.83365	0.82848	0.82950
0.87787	0.87432	0.87517
0.13897	0.13646	0.22379
0.25269	0.24816	0.28811
0.33673	0.32391	0.34815
0.42806	0.41003	0.42504
0.51698	0.49826	0.50833
0.60887	0.58960	0.59727
0.68470	0.67134	0.67756
0.75336	0.74441	0.74979
0.81155	0.80624	0.81047
0.86147	0.85686	0.86036
0.14737	0.13059	0.27904
0.26384	0.25543	0.33689
0.38161	0.36701	0.41133
0.48091	0.46286	0.49279
0.57754	0.55969	0.58102
0.65569	0.64452	0.66195
0.29060	0.27019	0.40326
0.42579	0.40947	0.48278
0.53709	0.51976	0.56964
0.62604	0.61204	0.65044
0.28599	0.23435	0.47462
0.47061	0.44375	0.56108
0.57780	0.55977	0.64218
0.66537	0.65405	0.71794
0.73999	0.73387	0.78372
0.60744	0.57956	0.71251
0.13301	0.13564	0.15851
0.16428	0.16418	0.18043
0.23526	0.22749	0.23499
0.31522	0.30122	0.30453
0.38580	0.36676	0.36882
0.46898	0.44854	0.44965
0.55390	0.53441	0.53520
0.64210	0.62384	0.62442
0.71371	0.70271	0.70318
0.77890	0.77212	0.77253
0.83405	0.82917	0.82950
0.87913	0.87488	0.87517
0.07231	0.07126	0.15263
0.10381	0.10395	0.17317
0.19198	0.19241	0.22379
0.28332	0.27303	0.28811
0.35595	0.33903	0.34815
0.44160	0.41933	0.42504
0.52521	0.50422	0.50833
0.61523	0.59443	0.59727
0.68840	0.67524	0.67756
0.75714	0.74773	0.74979
0.81517	0.80875	0.81047
0.86414	0.85892	0.86036
0.11686	0.10823	0.21708
0.23592	0.23123	0.27904
0.32043	0.30843	0.33689
0.41296	0.39387	0.41133
0.50050	0.48088	0.49279
0.59021	0.57176	0.58102
0.66769	0.65456	0.66195
0.73988	0.73006	0.73584
0.80053	0.79386	0.79877
0.85113	0.84690	0.85113
0.14128	0.12086	0.27389
0.26287	0.25251	0.33062
0.37401	0.35905	0.40326
0.47223	0.45338	0.48278
0.56825	0.54850	0.56964
0.64807	0.63349	0.65044
0.30544	0.28505	0.39614
0.43346	0.41245	0.47462
0.53644	0.51683	0.56108
0.62463	0.60858	0.64218
0.34495	0.30916	0.46880
0.49219	0.46590	0.55500
0.58945	0.57086	0.63629
0.38841	0.33068	0.55124
0.53319	0.50189	0.63170
0.55726	0.50844	0.70422
0.07224	0.07917	0.10524
0.07224	0.07917	0.10524
0.15003	0.14872	0.15851
0.17880	0.17397	0.18043
0.24266	0.23214	0.23499
0.31766	0.30316	0.30453
0.38802	0.36813	0.36882
0.47166	0.44930	0.44965
0.55701	0.53499	0.53520
0.64096	0.62426	0.62442
0.71698	0.70305	0.70318
0.78056	0.77240	0.77253
0.83491	0.82939	0.82950
0.87984	0.87507	0.87517
0.91325	0.91041	0.91051
0.10613	0.10982	0.15263
0.14112	0.14387	0.17317
0.21772	0.21166	0.22379
0.29555	0.28215	0.28811
0.36139	0.34405	0.34815
0.44602	0.42298	0.42504
0.52983	0.50681	0.50833
0.61571	0.59630	0.59727
0.69161	0.67673	0.67756
0.75800	0.74896	0.74979
0.81627	0.80977	0.81047
0.86415	0.85975	0.86036
0.08208	0.07786	0.16827
0.17040	0.17109	0.21708
0.26783	0.25894	0.27904
0.33994	0.32497	0.33689
0.42557	0.40427	0.41133
0.50822	0.48785	0.49279
0.59797	0.57722	0.58102
0.67311	0.65883	0.66195
0.74325	0.73316	0.73584
0.80402	0.79645	0.79877
0.85366	0.84914	0.85113
0.10053	0.08734	0.21280
0.22603	0.21979	0.27389
0.31048	0.29906	0.33062
0.40114	0.38381	0.40326
0.49045	0.46994	0.48278
0.57832	0.55959	0.56964
0.65791	0.64239	0.65044
0.72907	0.71877	0.72537
0.13589	0.11317	0.26965
0.25678	0.24566	0.32497
0.37313	0.35502	0.39614
0.46721	0.44729	0.47462
0.56155	0.54121	0.56108
0.64185	0.62521	0.64218
0.31039	0.29078	0.39106
0.43514	0.41319	0.46880
0.53873	0.51677	0.55500
0.37296	0.34503	0.46612
0.50196	0.47823	0.55124
0.59475	0.57723	0.63170
0.44074	0.40370	0.54793
0.55619	0.53139	0.62801
0.50073	0.43873	0.63280
0.57545	0.53195	0.68189
0.63020	0.60183	0.72668
0.68067	0.66155	0.76823
0.72374	0.71303	0.80583
0.50136	0.41112	0.70013
0.59630	0.60925	0.69417
0.41525	0.40903	0.61842
0.74824	0.75871	0.80098
0.36808	0.37805	0.44754
0.49111	0.50270	0.53519
0.58901	0.59465	0.65689
0.44699	0.44870	0.57660
0.33331	0.33770	0.36360
0.42858	0.43445	0.44754
0.52337	0.52875	0.53519
0.31376	0.31604	0.40801
0.57663	0.57940	0.62986
0.44780	0.44858	0.54853
0.26791	0.27095	0.28653
0.35649	0.35695	0.36360
0.44239	0.44473	0.44754
0.53153	0.53376	0.53519
0.27957	0.28338	0.33063
0.38274	0.38724	0.40801
0.47756	0.48198	0.49244
0.27256	0.26870	0.38425
0.41351	0.41948	0.46551
0.52097	0.52484	0.54853
0.61399	0.61547	0.62986
0.56470	0.56593	0.61027
0.44358	0.44387	0.52857
0.28359	0.28202	0.28653
0.36143	0.36181	0.36360
0.44607	0.44683	0.44754
0.53306	0.53493	0.53519
0.22698	0.23116	0.26186
0.31549	0.31700	0.33063
0.39814	0.40152	0.40801
0.48652	0.48937	0.49244
0.24167	0.24321	0.31130
0.35055	0.35491	0.38425
0.44711	0.45153	0.46551
0.53924	0.54091	0.54853
0.62544	0.62519	0.62986
0.39449	0.39780	0.44677
0.59483	0.59549	0.61027
0.50103	0.50400	0.52857
0.39449	0.39780	0.44677
0.24190	0.23162	0.36833
0.28703	0.28519	0.28653
0.36468	0.36317	0.36360
0.44551	0.44740	0.44754
0.53363	0.53513	0.53519
0.25005	0.25092	0.26186
0.32605	0.32596	0.33063
0.40470	0.40610	0.40801
0.48895	0.49163	0.49244
0.28775	0.28957	0.31130
0.37051	0.37366	0.38425
0.20415	0.20317	0.29922
0.32939	0.33193	0.36833
0.42542	0.42937	0.44677
0.51730	0.51942	0.52857
0.60555	0.60478	0.61027
0.54452	0.56424	0.69375
0.66464	0.68892	0.76434
0.89312	0.90547	0.92836
0.47843	0.49182	0.52440
0.58293	0.59137	0.61318
0.66730	0.67841	0.69375
0.74335	0.75319	0.76434
0.80797	0.81375	0.82203
0.85965	0.86220	0.86884
0.41658	0.42227	0.56969
0.55691	0.57294	0.65363
0.65501	0.67689	0.72924
0.69573	0.71131	0.82691
0.58469	0.57435	0.76868
0.51513	0.51776	0.52440
0.60925	0.60895	0.61318
0.68563	0.69048	0.69375
0.75753	0.76184	0.76434
0.81933	0.82010	0.82203
0.86827	0.86727	0.86884
0.90478	0.90494	0.90625
0.43451	0.44324	0.47943
0.53999	0.54658	0.56969
0.63060	0.63818	0.65363
0.70745	0.71788	0.72924
0.41901	0.42620	0.53795
0.54625	0.55947	0.62247
0.64565	0.66090	0.70082
0.51425	0.50405	0.67796
0.72073	0.73864	0.81107
0.63702	0.64920	0.74907
0.51425	0.50405	0.67796
0.52473	0.52296	0.52440
0.61227	0.61221	0.61318
0.69149	0.69311	0.69375
0.76095	0.76377	0.76434
0.82160	0.82159	0.82203
0.87016	0.86848	0.86884
0.90707	0.90594	0.90625
0.46756	0.46975	0.47943
0.56363	0.56368	0.56969
0.64555	0.64969	0.65363
0.72104	0.72626	0.72924
0.78868	0.79036	0.79279
0.84481	0.84355	0.84561
0.39905	0.40854	0.44959
0.50823	0.51401	0.53795
0.59981	0.60688	0.62247
0.68126	0.68967	0.70082
0.41974	0.42374	0.51314
0.53756	0.54656	0.59762
0.54831	0.55250	0.66108
0.64856	0.66392	0.73490
0.72563	0.74426	0.79897
0.52569	0.52414	0.52440
0.61489	0.61302	0.61318
0.69123	0.69362	0.69375
0.76165	0.76423	0.76434
0.82130	0.82195	0.82203
0.87055	0.86876	0.86884
0.90682	0.90617	0.90625
0.47843	0.47670	0.47943
0.57019	0.56808	0.56969
0.65098	0.65259	0.65363
0.72444	0.72847	0.72924
0.79070	0.79212	0.79279
0.84666	0.84498	0.84561
0.43578	0.43761	0.44959
0.52821	0.53051	0.53795
0.61388	0.61779	0.62247
0.69261	0.69744	0.70082
0.37738	0.38475	0.42690
0.48438	0.48874	0.51314
0.57523	0.58170	0.59762
0.66009	0.66697	0.67796
0.41293	0.41676	0.49457
0.52628	0.53350	0.57878
0.41713	0.40397	0.56291
0.55915	0.56590	0.64629
0.65161	0.66608	0.72173
0.72587	0.74282	0.78776
0.52818	0.52436	0.52440
0.61642	0.61315	0.61318
0.69252	0.69374	0.69375
0.76129	0.76432	0.76434
0.82251	0.82202	0.82203
0.87165	0.86883	0.86884
0.48199	0.47870	0.47943
0.56978	0.56930	0.56969
0.65185	0.65339	0.65363
0.72417	0.72905	0.72924
0.79229	0.79259	0.79279
0.84857	0.84544	0.84561
0.44516	0.44556	0.44959
0.53477	0.53569	0.53795
0.61875	0.62107	0.62247
0.69633	0.69976	0.70082
0.76794	0.76777	0.76868
0.82767	0.82601	0.82691
0.40938	0.41202	0.42690
0.50340	0.50458	0.51314
0.58980	0.59226	0.59762
0.67069	0.67418	0.67796
0.35641	0.36526	0.41101
0.46587	0.46982	0.49457
0.55894	0.56341	0.57878
0.40350	0.40480	0.47850
0.51511	0.52125	0.56291
0.43489	0.42812	0.55031
0.55834	0.56745	0.63382
0.65119	0.66431	0.71032
0.72418	0.73948	0.77802
0.44975	0.41687	0.62290
0.53785	0.47931	0.73532
0.31369	0.30687	0.55396
0.52090	0.53424	0.63688
0.64226	0.65681	0.71435
0.73508	0.74505	0.78505
0.16021	0.15752	0.31415
0.29969	0.30471	0.38690
0.42372	0.42803	0.47078
0.52213	0.52661	0.55396
0.61469	0.61935	0.63688
0.34304	0.33904	0.52376
0.51779	0.52397	0.60548
0.63262	0.63776	0.68367
0.72355	0.72525	0.75663
0.09550	0.09391	0.20274
0.18150	0.18684	0.25059
0.27876	0.28128	0.31415
0.36716	0.36849	0.38690
0.45864	0.45966	0.47078
0.54514	0.54663	0.55396
0.62883	0.63195	0.63688
0.26033	0.26155	0.36440
0.39062	0.39302	0.44364
0.48871	0.49275	0.52376
0.58215	0.58539	0.60548
0.35869	0.35438	0.50589
0.51397	0.51633	0.58648
0.62458	0.62444	0.66405
0.71299	0.70993	0.73663
0.07643	0.07843	0.15294
0.16116	0.16733	0.20274
0.23103	0.23186	0.25059
0.30258	0.30365	0.31415
0.38210	0.38123	0.38690
0.46665	0.46730	0.47078
0.55195	0.55188	0.55396
0.63584	0.63548	0.63688
0.71422	0.71329	0.71435
0.78568	0.78423	0.78505
0.12564	0.12276	0.23743
0.24097	0.24462	0.29651
0.33736	0.33851	0.36440
0.42601	0.42725	0.44364
0.51146	0.51360	0.52376
0.59679	0.59858	0.60548
0.22849	0.22284	0.35058
0.36843	0.36914	0.42749
0.46949	0.47147	0.50589
0.56297	0.56439	0.58648
0.36608	0.35934	0.49270
0.51030	0.50884	0.57310
0.61750	0.61483	0.65263
0.70536	0.70395	0.72957
0.05613	0.05844	0.11488
0.11589	0.12249	0.15294
0.18649	0.18956	0.20274
0.24388	0.24375	0.25059
0.31217	0.31086	0.31415
0.38640	0.38517	0.38690
0.47042	0.46984	0.47078
0.55267	0.55335	0.55396
0.63454	0.63649	0.63688
0.71526	0.71408	0.71435
0.78702	0.78482	0.78505
0.11811	0.12044	0.19283
0.19830	0.20277	0.23743
0.27781	0.27909	0.29651
0.35429	0.35451	0.36440
0.43635	0.43782	0.44364
0.51773	0.51997	0.52376
0.60188	0.60291	0.60548
0.20638	0.20780	0.28518
0.31432	0.31484	0.35058
0.40648	0.40708	0.42749
0.48902	0.49277	0.50589
0.19698	0.18549	0.34158
0.35402	0.35234	0.41599
0.45737	0.45578	0.49270
0.36438	0.35769	0.48524
0.50668	0.50442	0.56506
0.61308	0.60915	0.64392
0.05641	0.06120	0.09979
0.08012	0.08592	0.11488
0.13638	0.14072	0.15294
0.19782	0.19776	0.20274
0.24916	0.24809	0.25059
0.31415	0.31301	0.31415
0.38894	0.38641	0.38690
0.47337	0.47052	0.47078
0.55350	0.55381	0.55396
0.63468	0.63677	0.63688
0.71612	0.71428	0.71435
0.78689	0.78499	0.78505
0.07717	0.07793	0.14607
0.16030	0.16492	0.19283
0.22130	0.22376	0.23743
0.28912	0.28940	0.29651
0.35947	0.36048	0.36440
0.44102	0.44138	0.44364
0.51990	0.52233	0.52376
0.60252	0.60460	0.60548
0.16731	0.16954	0.22852
0.25770	0.25929	0.28518
0.33548	0.33622	0.35058
0.41851	0.41896	0.42749
0.49765	0.50046	0.50589
0.58254	0.58272	0.58648
0.18034	0.17659	0.27852
0.29762	0.29765	0.34158
0.39140	0.39140	0.41599
0.47715	0.47720	0.49270
0.17118	0.15591	0.33582
0.34225	0.33941	0.40922
0.44638	0.44489	0.48524
0.36662	0.35934	0.47894
0.50294	0.49943	0.55809
0.60710	0.60272	0.63733
